models/BlackGrouse/Inputs/BlackGrouse_SDMpredictions2050.asc
NCOLS 349 
NROWS 221 
XLLCORNER 485000 
YLLCORNER 75000 
CELLSIZE 1000 
NODATA_value -1 
[rows 70 to 139 of 221, columns 192 to 287 of 349]
0 0 0 0 0 0 0 0 0 0 0 0 0 0 0 0 0 0 0 0 0 0 0 0 0 0 0 0 0 0 0 0 0 0 0 0 0 0 0 0 0 0 0 0 0 0 0 0 8 0 0 16 0 0 0 8 2 0 0 0 31 37 43 44 70 65 61 77 34 0 0 0 0 0 0 0 0 0 0 0 0 0 0 0 0 0 0 0 0 0 0 0 0 0 0 0
0 0 0 0 0 0 0 0 0 0 0 0 0 0 0 0 0 0 0 0 0 0 0 0 0 0 0 0 0 0 0 0 0 0 0 0 0 0 0 0 0 0 0 0 0 0 0 12 0 0 0 0 0 0 0 0 5 0 26 38 41 44 54 55 52 48 44 48 18 0 0 52 0 0 0 0 0 0 0 0 0 0 0 0 0 0 0 0 0 0 0 0 0 0 0 0
0 0 0 0 0 0 0 0 0 0 0 0 0 0 0 0 0 0 0 0 0 0 0 0 0 0 0 0 0 0 0 0 0 0 0 0 0 0 0 0 0 0 0 0 0 0 0 0 0 0 0 0 0 0 0 0 19 28 41 45 31 9 17 12 50 48 40 35 26 22 66 70 52 18 0 0 0 0 0 0 0 0 0 0 0 0 0 0 0 0 0 0 0 0 0 0
0 0 0 0 0 0 0 0 0 0 0 0 0 0 0 0 0 0 0 0 0 0 0 0 0 0 0 0 0 0 0 0 0 0 0 0 0 0 0 0 0 0 0 0 0 0 0 0 0 0 0 0 0 0 0 0 0 0 0 0 0 0 0 0 0 0 0 1 57 71 66 67 56 38 0 0 0 0 0 0 0 0 0 0 0 0 0 0 0 0 0 0 0 0 0 0
0 0 0 0 0 0 0 0 0 0 0 0 0 0 0 0 0 0 0 0 0 0 0 0 0 0 0 0 0 0 0 0 0 0 0 0 0 0 0 0 0 0 0 0 0 0 0 0 0 0 0 0 0 0 0 0 0 0 0 0 0 0 0 0 0 0 0 0 62 39 59 69 50 0 0 0 0 0 0 0 0 0 0 0 0 0 0 0 0 0 0 0 0 0 0 0
0 0 0 0 0 0 0 0 0 0 0 0 0 0 0 0 0 0 0 0 0 0 0 0 0 0 0 0 0 0 0 0 0 0 0 0 0 0 6 20 0 0 0 0 0 0 0 0 0 0 0 0 0 0 0 0 0 0 0 0 0 0 0 0 0 0 0 0 0 0 35 63 63 45 47 0 0 0 0 0 0 0 0 0 0 0 0 0 0 0 0 0 0 0 0 0
0 0 0 0 0 0 0 0 0 0 0 0 0 0 0 0 0 0 0 0 0 0 0 0 0 0 0 0 0 0 0 0 0 0 0 0 0 0 26 28 17 8 0 0 0 0 0 0 0 0 0 0 0 0 0 0 0 0 0 0 0 0 0 0 0 0 0 0 0 0 0 52 75 67 46 0 0 0 0 0 0 0 0 0 0 0 0 0 0 0 0 0 0 0 0 0
0 0 0 0 0 0 0 0 0 0 0 0 0 0 0 0 0 0 0 0 0 0 0 0 0 0 0 0 0 0 0 0 0 0 0 0 0 0 6 23 22 0 0 0 0 0 0 0 0 0 0 0 0 0 0 0 0 0 0 0 0 0 0 0 0 0 0 0 0 0 23 47 59 64 31 0 0 0 0 0 0 0 0 0 0 0 0 0 0 0 0 0 0 0 0 0
0 0 0 0 0 0 0 0 0 0 0 0 0 0 0 0 0 0 0 0 0 0 0 0 0 0 0 0 0 0 0 0 0 0 0 0 0 4 22 40 16 0 0 0 0 0 0 0 0 0 36 0 0 0 0 0 0 0 0 0 0 0 0 0 0 0 0 0 0 0 0 34 34 57 32 0 0 0 0 0 0 0 0 0 0 0 0 0 0 0 0 0 0 0 0 0
0 0 0 0 0 0 0 0 0 0 0 0 0 0 0 0 0 0 0 0 0 0 0 0 0 0 0 0 0 0 0 0 0 0 0 0 0 41 34 25 0 0 0 0 0 0 0 0 0 0 28 0 67 0 48 36 0 0 17 24 0 0 6 0 0 0 0 0 0 0 0 0 0 56 13 0 0 0 0 0 0 0 0 0 0 0 0 0 0 0 0 0 0 0 0 0
0 0 0 0 0 0 0 0 0 0 0 0 0 0 0 0 0 0 0 0 0 0 0 0 0 0 0 0 0 0 0 0 0 0 0 0 0 9 52 31 0 0 0 0 0 0 0 0 0 0 36 0 72 31 69 56 0 29 69 77 55 51 39 7 0 0 0 0 0 0 0 0 0 38 20 0 0 0 0 0 0 0 0 0 0 0 0 0 0 0 0 0 0 0 0 0
0 0 0 0 0 0 0 0 0 0 0 0 0 0 0 0 0 0 0 0 0 0 0 0 0 0 0 0 0 0 0 0 0 0 0 0 0 38 63 0 0 46 81 71 0 0 0 0 0 45 50 20 66 51 29 29 0 75 85 79 65 59 38 0 0 0 0 0 0 0 0 0 0 0 0 0 0 0 0 0 0 0 51 56 0 0 76 59 76 0 68 73 50 31 34 0
0 0 0 0 0 0 0 0 0 0 0 0 0 0 0 0 0 0 0 0 0 0 0 0 0 0 0 0 0 0 0 0 39 15 0 0 30 54 34 5 60 55 61 65 0 0 0 0 0 65 60 51 55 43 62 59 0 76 83 76 59 27 0 0 0 53 29 0 0 0 0 0 0 0 0 0 0 0 0 0 0 0 28 75 64 52 60 73 64 68 67 68 60 55 40 30
0 0 0 0 0 0 0 0 0 0 0 0 0 0 0 0 0 0 0 0 0 0 0 0 0 0 0 0 0 0 0 0 30 0 0 0 36 48 31 55 61 66 42 0 0 0 0 0 0 57 66 60 44 53 65 60 19 81 83 66 42 0 0 0 59 74 50 10 0 0 0 0 0 0 0 0 0 0 0 0 0 0 0 80 67 62 81 72 72 56 61 39 37 54 71 53
0 25 51 0 0 0 0 0 0 0 0 0 0 0 0 0 0 0 0 0 0 0 0 0 0 0 0 0 0 21 0 0 31 0 16 46 43 47 44 62 33 0 0 0 0 0 0 0 0 56 66 55 62 65 62 62 74 83 79 77 66 31 0 16 85 73 46 30 17 0 0 0 0 0 0 0 0 0 0 0 0 0 0 0 36 68 55 54 39 25 0 0 29 39 71 60
0 0 0 0 0 0 0 0 0 0 0 0 0 0 0 0 0 0 0 0 0 3 0 0 0 0 0 0 11 38 0 9 36 18 39 43 17 15 26 8 0 0 0 0 0 0 0 0 0 12 64 52 56 60 81 80 79 79 62 66 74 66 0 51 78 68 67 71 54 0 0 0 0 0 0 0 0 0 0 0 0 0 0 0 0 63 59 66 73 46 0 0 0 28 70 69
0 0 0 0 0 0 0 0 0 0 0 0 0 0 0 0 0 0 0 0 0 0 0 0 0 0 0 0 30 21 0 59 22 11 0 0 0 0 0 0 0 0 0 0 3 0 0 0 0 0 70 58 47 59 76 78 72 78 62 60 72 61 52 84 73 77 76 85 65 0 0 0 0 0 0 0 0 0 0 0 0 0 0 0 0 34 65 67 81 47 0 0 4 55 77 66
0 0 0 0 10 0 0 0 0 0 0 0 0 0 0 0 0 0 0 0 0 0 0 0 0 26 0 0 19 25 14 58 0 0 0 0 0 0 0 0 6 51 61 55 59 0 0 0 0 0 60 68 52 54 45 75 42 78 64 75 78 80 81 84 75 75 77 55 0 0 0 42 31 0 0 0 0 0 0 0 0 0 0 0 0 0 46 73 63 13 0 0 0 42 64 40
0 0 0 0 0 0 0 0 0 0 0 0 0 0 0 0 0 0 0 0 0 0 0 24 7 0 0 0 20 19 14 29 0 32 48 0 0 68 62 70 59 31 38 49 47 0 0 0 0 0 0 20 67 35 0 38 66 75 54 66 70 69 71 74 77 78 68 34 0 0 36 73 60 0 0 0 0 0 0 0 0 0 0 0 0 0 0 31 8 0 0 0 0 8 29 4
0 0 0 0 0 0 0 0 0 0 0 0 0 0 0 0 0 0 0 0 0 0 0 17 11 1 2 13 25 18 22 1 42 48 63 33 0 65 64 39 17 10 41 53 12 0 0 0 0 0 0 0 0 0 0 71 72 66 15 66 59 78 74 67 60 23 0 0 0 0 56 72 68 6 23 55 33 0 0 0 0 0 0 0 0 0 0 0 0 0 0 0 0 0 0 0
0 0 0 0 0 0 0 0 0 0 0 0 0 0 0 0 0 0 0 0 0 0 0 0 0 0 0 0 0 0 2 14 24 27 42 78 32 11 56 33 17 28 30 7 0 0 0 0 0 0 0 0 0 0 0 72 68 59 0 60 65 45 72 80 27 0 0 0 0 50 69 58 55 71 78 78 64 0 0 0 0 0 0 0 0 0 0 0 0 0 0 0 0 0 0 0
0 0 0 0 0 0 0 0 0 0 0 0 0 0 0 0 0 0 0 0 0 0 0 0 0 0 0 0 0 0 2 40 27 29 44 71 54 58 62 32 33 49 0 0 0 0 0 0 0 0 53 0 0 0 0 48 67 74 0 46 68 56 28 18 0 0 41 25 0 58 67 49 48 75 87 83 28 0 0 0 0 0 0 0 0 0 0 0 0 0 0 0 0 0 0 0
0 0 0 0 0 0 0 0 0 0 0 0 0 0 0 0 0 0 0 0 0 0 0 0 0 0 0 0 0 2 19 40 28 36 40 60 53 48 54 55 39 15 0 0 0 0 0 0 0 24 68 46 15 0 0 0 17 31 0 39 63 46 0 0 27 55 75 60 0 57 55 35 44 58 37 14 0 0 0 0 0 0 0 0 0 0 0 0 0 0 0 0 0 0 0 0
0 0 0 0 0 0 0 0 0 0 0 0 0 0 42 0 0 0 0 0 0 0 0 0 0 0 0 0 0 16 26 28 29 36 30 45 47 20 35 50 42 21 0 0 0 0 0 0 0 39 70 64 63 0 0 0 0 0 14 63 50 49 40 84 64 72 55 68 26 68 49 33 44 58 44 26 14 0 0 0 0 0 0 0 0 0 0 0 0 0 0 0 24 12 0 0
0 0 0 0 0 0 0 0 0 0 0 0 0 0 0 12 14 19 9 18 9 0 0 0 0 0 0 0 0 0 10 28 35 35 27 34 31 28 36 52 50 26 0 0 0 0 39 23 45 52 78 62 20 0 0 0 18 47 62 55 53 56 68 63 58 48 46 58 59 63 35 42 33 57 69 84 59 0 0 7 0 0 0 0 0 0 0 0 0 0 32 45 27 0 0 0
0 0 0 0 0 0 0 0 0 0 0 0 0 0 0 0 0 0 0 16 6 20 47 16 0 42 47 0 0 0 6 38 30 35 37 38 46 44 48 25 5 0 0 0 0 0 58 43 60 69 80 58 46 0 0 0 64 75 74 69 65 65 65 50 46 48 53 56 56 52 34 54 42 57 77 74 40 0 0 33 0 0 0 0 0 0 0 0 0 0 22 46 22 0 0 0
0 0 0 0 0 0 36 68 0 0 0 0 0 0 0 0 0 0 13 42 48 57 60 23 0 43 50 9 0 0 0 47 39 44 43 43 41 43 38 12 0 0 0 0 0 0 44 73 74 77 78 55 56 16 0 0 51 75 74 62 50 51 47 50 62 75 70 62 67 75 57 54 56 40 65 42 0 0 15 32 0 0 0 0 0 0 0 0 0 0 41 42 0 0 0 0
0 19 49 6 0 0 58 57 0 0 0 0 0 0 22 60 64 37 55 52 45 44 47 6 0 62 61 39 8 0 0 47 54 60 62 50 35 29 48 30 0 0 0 0 33 20 51 76 55 68 66 66 53 0 0 0 0 3 45 69 32 25 46 69 66 66 50 38 16 25 59 55 0 39 50 0 0 0 52 34 0 0 0 0 0 0 0 27 0 0 56 56 0 0 0 0
19 47 53 38 14 52 65 50 0 0 0 0 0 0 0 8 74 69 60 50 52 53 51 8 23 74 75 63 38 0 0 45 58 59 52 47 33 40 36 11 0 0 0 0 34 60 80 55 39 48 69 37 6 0 0 0 0 38 57 51 16 17 46 63 69 66 66 72 61 40 0 0 0 0 0 0 0 43 68 70 29 0 0 0 0 0 0 21 44 0 43 68 32 0 0 5
44 61 76 73 67 4 0 0 0 0 0 0 0 0 0 0 49 55 42 45 52 72 55 18 76 72 72 59 41 0 0 0 46 54 55 53 32 0 0 0 0 0 0 2 0 62 75 50 58 61 50 0 0 0 0 20 2 53 51 28 15 14 23 39 36 23 20 18 34 47 48 56 80 49 0 0 55 50 62 70 25 0 0 0 0 0 0 17 76 22 39 71 60 17 0 40
57 59 75 62 10 0 0 0 0 0 0 0 0 0 0 0 43 45 22 33 42 57 66 56 65 42 60 42 15 0 7 69 57 52 56 0 0 0 0 0 0 0 0 68 16 17 69 59 74 46 4 0 0 0 51 64 48 63 36 28 22 21 21 54 47 25 21 15 12 10 18 61 60 10 0 0 67 41 69 72 0 0 0 0 0 0 0 6 77 46 57 87 86 34 1 50
65 60 63 33 0 0 29 2 0 0 0 0 0 0 0 3 26 0 0 0 16 46 57 50 35 34 53 45 25 31 28 58 57 42 0 0 11 48 58 8 0 0 8 80 59 14 55 44 61 0 0 0 12 54 43 43 53 26 30 45 38 29 44 64 64 47 29 20 17 35 44 68 58 0 0 34 55 57 67 55 0 0 0 0 0 0 0 44 79 70 82 85 82 48 70 72
58 53 57 59 32 0 59 0 0 23 0 0 0 0 0 0 0 0 0 0 0 0 7 20 40 52 44 64 64 61 57 50 52 0 8 49 68 62 56 0 0 0 52 48 56 38 30 41 57 44 34 0 56 25 16 22 23 17 26 53 44 31 30 35 55 62 48 29 18 37 69 57 7 0 0 65 61 75 57 9 0 0 0 0 0 0 22 83 84 73 66 86 85 94 92 90
72 72 66 58 0 0 58 0 16 80 0 0 0 0 0 0 0 0 0 0 0 0 0 0 0 18 46 43 44 56 57 56 34 33 64 73 64 49 36 0 0 13 64 19 37 36 10 16 29 33 54 43 33 12 12 21 27 37 40 47 57 64 46 40 40 40 66 46 42 38 73 57 0 0 45 74 82 72 0 0 0 0 0 0 0 0 60 90 86 84 81 83 85 87 87 83
73 60 75 65 13 58 63 66 66 76 0 0 0 0 0 0 0 0 0 0 0 0 0 0 0 0 0 0 0 53 70 64 49 72 65 33 44 51 54 0 0 25 41 25 22 8 17 13 24 24 37 41 15 22 27 42 46 57 64 68 70 27 39 62 54 35 14 56 63 55 62 49 0 0 65 79 37 0 0 0 0 0 0 0 0 32 52 47 48 86 85 80 87 91 90 90
61 45 52 52 68 69 25 42 62 0 0 0 0 0 0 0 0 0 0 0 14 0 0 0 0 0 0 3 28 69 58 61 61 52 30 19 30 48 34 0 46 29 50 40 30 12 23 23 25 39 33 29 31 42 53 60 69 69 70 80 60 0 0 24 62 44 0 9 70 81 64 11 0 0 0 0 0 0 0 0 0 0 0 0 0 0 0 0 0 27 30 39 40 61 65 88
62 34 34 29 36 46 30 29 59 0 32 8 0 0 0 0 0 0 0 0 51 49 56 15 0 44 54 52 62 58 26 32 26 20 10 28 42 52 0 9 24 46 36 51 23 10 19 37 41 52 42 52 55 62 67 62 67 69 69 53 26 0 0 0 0 0 0 0 0 18 16 0 0 0 0 0 0 0 0 0 0 0 0 0 0 0 0 0 0 0 0 0 0 0 9 50
63 50 47 32 26 39 22 30 67 22 22 0 0 0 0 0 0 14 6 34 57 54 46 0 0 59 51 47 47 36 14 12 0 0 18 65 59 23 0 53 11 16 49 45 15 17 16 36 52 6 64 59 72 54 60 78 64 69 73 69 7 0 0 0 0 0 0 0 0 0 0 0 0 0 0 0 0 0 0 0 0 0 0 0 0 0 0 0 0 0 0 0 0 0 0 0
59 48 34 56 68 61 53 50 73 22 20 26 0 0 0 0 0 60 63 55 50 50 42 0 0 59 46 24 16 12 2 0 0 0 41 63 43 53 19 56 11 15 48 46 17 27 40 42 48 32 18 47 76 72 47 83 76 69 66 38 0 0 0 0 0 0 0 0 0 0 0 0 0 0 0 0 0 0 0 0 39 19 0 0 0 0 0 0 0 0 0 0 0 0 3 0
57 45 45 69 64 58 67 49 60 63 63 50 0 0 0 0 0 53 73 44 50 52 41 0 30 55 22 19 12 8 5 9 0 1 31 19 8 44 42 42 14 30 59 38 32 28 49 69 72 47 0 36 81 77 47 65 69 32 23 10 0 0 0 0 0 0 0 0 0 0 0 0 0 0 0 0 0 0 0 53 85 12 0 0 0 66 58 37 0 0 49 77 88 86 83 12
64 60 49 76 29 59 44 47 60 67 26 0 0 0 0 0 0 0 26 55 54 28 41 52 31 14 19 36 41 19 24 14 0 13 0 0 0 39 45 6 0 17 42 46 66 56 60 78 36 16 0 0 67 60 36 27 49 0 0 0 0 0 0 0 0 0 0 0 0 0 0 0 0 0 0 0 41 76 76 91 88 15 0 0 33 82 91 84 67 50 94 93 95 79 71 17
0 60 66 24 25 30 16 63 57 39 35 0 0 3 0 0 0 0 0 61 42 20 28 32 26 29 38 27 43 37 27 9 6 48 24 0 0 1 0 0 0 29 59 68 65 31 70 68 34 0 0 0 9 0 0 0 29 0 0 0 0 0 0 0 0 0 0 0 0 0 0 0 0 0 0 7 69 87 86 88 91 48 0 0 27 80 84 90 90 62 73 74 86 55 34 21
0 0 0 0 45 24 22 54 54 44 73 73 76 66 3 0 0 0 0 67 18 41 48 67 62 46 1 34 19 10 0 43 45 63 33 0 0 0 7 0 19 40 47 50 72 38 45 57 18 0 0 0 0 0 0 0 0 0 0 0 0 0 0 0 0 0 0 0 0 0 0 0 0 0 0 3 25 48 86 91 90 66 0 0 0 61 81 70 86 79 64 70 46 3 0 41
0 0 0 40 49 14 12 22 25 35 32 52 67 68 56 0 0 0 0 76 55 54 73 72 28 0 0 54 15 10 8 29 64 69 50 11 3 8 41 10 2 12 40 53 62 48 0 2 0 0 0 0 0 0 0 0 0 0 0 0 0 0 0 0 0 0 0 0 0 0 23 0 0 0 0 0 0 0 74 91 91 66 7 0 0 36 77 58 75 71 76 64 40 22 8 69
37 45 58 40 13 11 9 11 14 10 31 53 64 62 64 0 0 0 0 32 2 0 0 0 0 0 52 62 23 28 48 43 70 61 53 29 10 8 42 61 44 54 74 67 32 0 0 0 0 0 0 0 0 0 0 0 0 0 0 0 0 0 0 0 0 0 32 0 0 0 3 22 0 0 0 0 0 0 46 94 74 82 76 28 0 2 80 61 52 57 74 57 72 84 59 86
30 24 26 17 16 16 8 18 48 26 27 59 74 42 0 0 0 0 0 0 0 0 0 0 29 58 51 62 29 16 61 72 69 61 53 22 31 46 49 54 58 79 57 22 0 0 0 0 0 0 0 0 0 0 0 0 0 0 0 0 0 21 53 40 12 0 84 81 0 0 0 66 0 0 0 0 0 0 18 73 88 66 74 26 0 0 83 60 35 54 68 75 68 63 79 74
14 25 20 52 67 37 8 20 62 56 33 40 45 0 0 0 0 0 0 0 0 0 10 52 52 22 49 51 5 25 54 70 56 32 86 43 61 77 83 59 0 0 0 0 0 0 0 0 0 0 0 0 0 0 0 0 0 0 0 0 0 60 85 77 72 62 93 73 10 0 1 66 0 0 0 0 0 0 0 57 94 80 72 0 0 30 88 54 26 50 49 47 65 71 59 64
44 62 54 64 57 56 49 19 66 49 44 47 64 0 0 0 0 39 55 0 0 45 47 41 9 11 47 44 23 44 50 47 58 42 65 75 83 81 15 0 0 0 0 0 0 0 0 0 0 0 0 0 1 16 47 16 0 0 0 0 0 0 34 74 52 78 87 29 0 0 48 64 0 0 0 0 0 0 0 87 93 88 77 0 0 40 89 42 30 26 35 52 67 57 43 56
39 45 28 51 45 81 84 68 42 66 25 31 11 0 0 0 15 44 43 31 0 61 44 35 2 0 24 20 22 32 36 44 62 74 17 84 45 0 0 0 0 0 0 0 0 0 0 0 0 0 27 40 52 76 46 2 0 0 0 0 0 0 22 83 36 56 85 0 0 16 82 48 0 0 0 0 0 0 0 72 89 91 61 0 0 2 89 61 42 33 50 58 48 40 52 63
54 53 55 44 22 0 0 27 49 55 44 0 0 0 0 0 35 18 24 50 0 54 28 31 10 0 10 20 28 46 55 72 79 52 0 0 0 0 0 0 0 0 0 0 14 65 68 27 53 54 47 76 78 47 0 0 0 0 0 0 0 38 81 62 33 82 74 0 0 82 73 23 0 0 0 0 0 0 0 8 72 95 58 0 0 0 91 69 41 47 49 49 58 70 83 86
49 52 20 36 45 45 11 0 0 6 55 18 0 0 0 0 42 33 21 46 49 51 45 58 37 2 25 52 65 82 92 80 45 0 0 0 0 0 0 0 16 56 0 51 81 78 77 50 84 82 82 75 49 3 0 0 0 0 0 0 39 85 84 62 53 66 24 0 11 84 61 10 0 0 0 0 0 0 0 0 49 91 66 9 0 0 89 40 41 51 80 84 86 78 80 58
21 35 6 3 24 48 65 25 0 0 0 0 0 0 60 1 61 32 25 44 76 63 44 67 47 20 47 78 80 58 44 0 0 0 0 0 0 0 0 0 84 81 82 63 68 82 91 83 82 85 83 72 11 0 0 0 0 0 0 0 11 70 75 79 71 67 0 0 67 79 50 12 0 0 0 0 0 0 0 0 1 64 41 0 0 0 76 58 58 72 78 77 65 16 32 13
4 18 6 0 0 22 59 74 79 59 0 0 0 4 44 24 53 36 15 23 38 49 45 72 71 49 72 80 41 0 0 0 0 0 0 9 21 62 0 0 68 83 79 80 40 60 83 88 84 83 83 64 7 0 0 0 0 0 17 0 6 71 77 70 80 67 0 0 82 65 33 4 0 0 0 0 0 0 0 0 0 0 0 0 0 0 53 90 87 79 52 29 28 0 0 0
0 6 42 6 0 12 17 43 57 72 0 0 0 54 33 60 61 24 1 10 18 65 68 76 59 80 80 48 0 0 0 0 0 56 74 82 92 80 0 0 35 87 33 49 23 46 70 77 72 83 71 36 0 0 0 0 0 0 70 66 0 56 87 64 84 48 0 30 82 61 17 0 0 0 0 0 0 0 0 0 0 0 0 0 0 0 2 64 79 29 0 0 0 0 0 0
0 2 46 56 28 0 0 29 45 50 0 0 10 74 18 52 52 19 0 37 36 73 71 63 0 5 37 54 0 0 0 0 76 88 75 78 78 55 0 0 37 84 30 22 27 60 73 74 79 84 76 17 0 0 0 0 0 46 88 88 62 53 88 73 76 13 0 49 74 55 0 0 0 0 0 0 0 0 68 68 0 0 0 0 0 0 0 0 0 0 0 0 0 0 0 0
0 0 24 62 56 25 7 34 47 39 0 0 46 44 20 44 36 19 42 53 75 71 19 0 0 0 0 0 0 0 0 0 10 68 72 46 70 68 67 9 0 80 62 22 31 46 70 80 82 65 30 0 0 0 8 0 0 50 88 86 88 73 78 82 52 0 46 53 67 80 24 0 5 46 80 8 0 0 35 68 26 22 0 0 0 0 0 0 0 0 0 0 0 0 0 0
14 0 4 44 45 44 42 48 45 10 0 0 24 65 31 25 44 50 77 73 70 15 0 0 0 0 0 0 18 10 0 0 25 84 62 19 48 66 65 73 0 0 84 40 54 60 75 87 65 16 0 0 0 47 78 0 0 0 71 89 68 61 79 73 25 41 80 87 61 71 86 70 78 88 68 43 0 0 70 93 82 81 60 2 0 0 0 0 0 0 0 0 0 40 28 0
49 17 9 23 42 49 1 0 0 0 0 0 49 50 51 58 78 77 75 72 63 0 9 60 62 16 82 50 83 81 0 0 76 82 65 18 30 42 46 66 18 0 78 34 32 49 59 71 62 0 0 12 82 78 84 29 0 0 87 61 31 50 79 56 22 65 73 75 78 26 46 68 73 69 51 0 0 0 54 87 89 83 75 39 0 0 0 0 28 20 49 56 33 86 69 82
50 45 42 46 39 13 0 7 32 71 0 48 56 71 67 70 53 80 69 38 0 56 78 82 50 59 85 74 75 82 0 12 83 74 66 21 33 47 57 63 52 42 74 38 32 71 71 57 26 0 54 72 86 59 72 81 0 54 82 80 34 53 74 51 51 83 47 59 54 32 58 74 62 60 9 0 0 0 36 87 82 84 76 62 8 0 0 0 82 82 81 87 80 94 86 95
34 53 23 21 0 49 78 68 53 64 0 2 42 49 72 54 36 81 61 62 63 68 55 74 61 81 67 76 56 78 0 30 85 74 65 31 41 52 40 38 41 50 76 45 43 63 67 20 25 3 82 56 64 34 55 79 0 58 88 86 57 61 73 40 61 45 13 36 40 60 72 66 59 22 0 0 0 0 67 93 58 75 88 78 44 0 0 0 58 85 67 55 79 60 84 92
54 61 55 64 47 38 25 30 44 28 0 0 0 28 84 35 46 71 75 71 66 48 37 72 62 63 52 54 74 45 10 62 82 51 45 15 6 34 12 3 0 13 54 60 47 75 63 66 57 45 81 41 17 26 68 51 0 37 81 52 36 62 72 25 59 22 15 45 58 64 72 60 44 0 0 0 0 50 88 83 48 60 62 81 73 2 0 0 26 91 69 26 29 33 47 69
42 23 18 18 5 33 29 49 47 0 0 17 40 42 71 62 27 44 67 69 64 51 47 76 68 47 21 52 64 19 36 77 42 20 10 0 0 18 13 15 14 29 58 54 49 67 72 70 53 46 75 21 24 57 72 0 0 42 90 56 38 61 72 31 62 25 27 59 66 74 65 69 61 11 0 0 0 62 70 58 49 55 69 80 56 0 0 0 0 64 86 47 23 26 27 46
0 18 24 27 18 48 45 10 0 0 36 74 80 79 69 71 58 45 74 56 79 50 34 74 64 21 10 53 41 56 50 74 24 0 0 0 20 50 38 39 43 58 63 46 27 51 63 68 42 74 27 16 60 79 41 0 0 71 89 83 58 58 72 41 60 52 31 48 50 60 64 76 80 48 0 0 0 71 90 53 17 56 81 77 48 22 0 0 0 20 86 62 54 36 26 27
9 22 37 51 49 33 0 4 31 12 82 58 33 37 66 70 82 53 63 37 70 52 32 69 40 14 28 68 44 65 62 56 45 8 2 2 45 64 42 23 24 53 71 33 16 12 46 56 66 52 21 45 74 76 35 15 44 58 82 80 51 57 74 65 65 53 26 34 40 51 59 74 86 47 0 0 0 92 73 62 31 60 76 92 80 50 0 0 0 0 76 89 87 64 57 46
31 37 48 45 0 2 47 67 70 34 66 30 10 23 46 72 82 55 52 26 48 46 25 44 18 25 60 66 57 48 63 55 69 54 42 21 51 61 63 44 50 67 75 53 29 10 40 59 64 26 17 49 83 66 63 85 84 37 80 58 44 59 76 72 70 29 18 43 52 74 79 80 74 57 0 0 44 83 52 58 42 59 75 63 85 73 3 0 0 0 16 58 64 84 87 60
55 59 61 15 4 71 68 57 67 69 74 38 14 25 58 78 80 58 43 15 32 29 21 30 41 56 73 62 63 28 34 62 64 61 38 24 72 35 47 72 70 65 68 81 52 13 12 36 38 10 46 82 66 84 89 70 80 43 73 48 38 51 67 60 53 33 25 29 61 74 83 77 72 64 0 0 45 93 88 61 42 52 51 53 80 55 25 53 35 0 0 26 70 88 76 72
60 59 52 26 70 63 52 57 71 66 54 50 18 11 45 71 53 43 31 10 30 16 21 18 44 70 60 65 47 0 25 44 28 41 45 49 85 26 20 82 79 52 76 82 46 16 12 36 38 44 73 76 78 81 52 50 78 65 83 55 30 40 50 53 64 74 55 47 87 44 0 0 8 24 0 0 0 73 80 60 45 29 48 73 68 56 64 93 79 13 0 41 77 78 53 55
42 49 62 54 78 54 50 59 78 73 48 38 26 18 26 53 41 61 50 29 30 27 31 25 39 69 53 73 37 0 18 30 35 64 79 80 86 1 0 65 45 31 76 53 18 30 67 72 71 74 64 77 68 50 36 50 69 75 55 45 54 59 59 56 72 80 78 77 39 0 0 35 1 20 50 32 0 69 81 46 32 30 59 77 56 72 87 69 84 41 0 54 87 56 33 26
35 52 67 77 76 44 55 71 71 65 44 57 56 44 41 69 79 78 52 48 58 58 51 55 67 70 72 69 74 29 35 57 76 85 66 29 21 0 0 26 54 69 69 48 11 42 74 59 71 70 69 48 37 37 52 68 66 55 51 65 78 86 87 86 73 59 12 0 0 39 80 90 60 77 85 39 0 70 86 60 52 48 76 80 62 73 55 57 90 52 0 70 85 53 28 0
47 67 64 63 72 38 60 51 64 68 71 75 58 59 81 82 82 86 80 83 80 64 50 48 68 52 72 74 83 88 72 78 79 80 72 52 35 0 0 50 78 74 54 50 15 50 63 30 41 55 68 40 9 27 48 45 54 78 83 88 63 40 47 50 12 0 0 1 59 90 82 75 63 70 75 51 26 84 66 55 55 59 81 75 80 72 29 31 59 75 2 78 82 62 35 0
