models/BlackGrouse/Inputs/BlackGrouse_SDMpredictions2070.asc
NCOLS 349 
NROWS 221 
XLLCORNER 485000 
YLLCORNER 75000 
CELLSIZE 1000 
NODATA_value -1 
[rows 70 to 139 of 221, columns 192 to 287 of 349]
0 0 0 0 0 0 0 0 0 0 0 0 0 0 0 0 0 0 0 0 0 0 0 0 0 0 0 0 0 0 0 0 0 0 0 0 0 0 0 0 0 0 0 0 0 0 0 0 9 0 0 15 0 0 0 4 1 0 0 0 24 29 34 39 51 67 55 62 30 0 0 0 0 0 0 0 0 0 0 0 0 0 0 0 0 0 0 0 0 0 0 0 0 0 0 0
0 0 0 0 0 0 0 0 0 0 0 0 0 0 0 0 0 0 0 0 0 0 0 0 0 0 0 0 0 0 0 0 0 0 0 0 0 0 0 0 0 0 0 0 0 0 0 10 0 0 0 0 0 0 0 0 3 3 21 35 42 43 49 50 54 53 50 43 17 0 1 46 0 0 0 0 0 0 0 0 0 0 0 0 0 0 0 0 0 0 0 0 0 0 0 0
0 0 0 0 0 0 0 0 0 0 0 0 0 0 0 0 0 0 0 0 0 0 0 0 0 0 0 0 0 0 0 0 0 0 0 0 0 0 0 0 0 0 0 0 0 0 0 0 0 0 0 0 0 0 0 0 15 26 42 45 30 13 20 14 40 54 40 34 26 20 50 70 46 16 0 0 0 0 0 0 0 0 0 0 0 0 0 0 0 0 0 0 0 0 0 0
0 0 0 0 0 0 0 0 0 0 0 0 0 0 0 0 0 0 0 0 0 0 0 0 0 0 0 0 0 0 0 0 0 0 0 0 0 0 0 0 0 0 0 0 0 0 0 0 0 0 0 0 0 0 0 0 0 0 0 0 0 0 0 0 0 0 0 1 51 67 74 66 50 35 0 0 0 0 0 0 0 0 0 0 0 0 0 0 0 0 0 0 0 0 0 0
0 0 0 0 0 0 0 0 0 0 0 0 0 0 0 0 0 0 0 0 0 0 0 0 0 0 0 0 0 0 0 0 0 0 0 0 0 0 1 0 0 0 0 0 0 0 0 0 0 0 0 0 0 0 0 0 0 0 0 0 0 0 0 0 0 0 0 0 46 34 54 77 42 0 1 0 0 0 0 0 0 0 0 0 0 0 0 0 0 0 0 0 0 0 0 0
0 0 0 0 0 0 0 0 0 0 0 0 0 0 0 0 0 0 0 0 0 0 0 0 0 0 0 0 0 0 0 0 0 0 0 0 0 0 10 16 0 0 0 0 0 0 0 0 0 0 0 0 0 0 0 0 0 0 0 0 0 0 0 0 0 0 0 0 0 4 28 56 56 39 39 0 0 0 0 0 0 0 0 0 0 0 0 0 0 0 0 0 0 0 0 0
0 0 0 0 0 0 0 0 0 0 0 0 0 0 0 0 0 0 0 0 0 0 0 0 0 0 0 0 0 0 0 0 0 0 0 0 0 0 21 20 12 6 0 0 0 0 0 0 0 0 0 0 0 0 0 0 0 0 0 0 0 0 0 0 0 0 0 0 0 0 4 46 71 62 41 0 0 0 0 0 0 0 0 0 0 0 0 0 0 0 0 0 0 0 0 0
0 0 0 0 0 0 0 0 0 0 0 0 0 0 0 0 0 0 0 0 0 0 0 0 0 0 0 0 0 0 0 0 0 0 0 0 0 0 4 13 17 0 0 0 0 0 0 0 0 0 0 0 0 0 0 0 0 0 0 0 0 0 0 0 0 0 0 0 0 0 20 41 48 63 30 0 0 0 0 0 0 0 0 0 0 0 0 0 0 0 0 0 0 0 0 0
0 0 0 0 0 0 0 0 0 0 0 0 0 0 0 0 0 0 0 0 0 0 0 0 0 0 0 0 0 0 0 0 0 0 0 0 0 7 19 25 15 0 0 0 0 0 0 0 0 0 26 0 0 0 0 0 0 0 0 0 0 0 0 0 0 0 0 0 0 0 0 28 29 49 29 0 0 0 0 0 0 0 0 0 0 0 0 0 0 0 0 0 0 0 0 0
0 0 0 0 0 0 0 0 0 0 0 0 0 0 0 0 0 0 0 0 0 0 0 0 0 0 0 0 0 0 0 0 0 0 0 0 0 34 31 17 0 0 0 0 0 0 0 0 0 0 19 0 52 3 42 28 0 0 15 18 0 0 3 0 0 0 0 0 0 0 0 0 5 46 15 0 0 0 0 0 0 0 0 0 0 0 0 0 0 0 0 0 0 0 0 0
0 0 0 0 0 0 0 0 0 0 0 0 0 0 0 0 0 0 0 0 0 0 0 0 0 0 0 0 0 0 0 0 0 0 0 0 0 8 45 27 0 0 0 0 0 0 0 0 0 0 25 0 69 29 52 48 0 22 55 57 47 43 35 8 0 0 0 0 0 0 0 0 0 33 18 0 0 0 0 0 0 0 0 0 0 0 0 0 0 0 0 0 0 0 0 0
0 0 0 0 0 0 0 0 0 0 0 0 0 0 0 0 0 0 0 0 0 0 0 0 0 0 0 0 0 0 0 0 0 0 0 0 0 34 50 0 0 37 62 70 0 0 0 0 0 39 41 18 71 44 27 26 0 53 80 71 53 50 37 0 0 0 0 0 0 0 0 0 0 0 0 0 0 0 0 0 0 0 45 50 0 0 72 72 81 0 77 82 58 50 50 0
0 0 0 0 0 0 0 0 0 0 0 0 0 0 0 0 0 0 0 0 0 0 0 0 0 0 0 0 0 0 0 0 35 12 0 0 25 51 30 9 50 52 59 64 0 0 0 0 0 52 55 50 51 41 55 51 0 66 86 67 44 27 0 0 0 48 26 0 0 0 0 0 0 0 0 0 0 0 0 0 0 0 26 65 71 65 75 78 78 80 79 59 58 66 57 49
0 0 0 0 0 0 0 0 0 0 0 0 0 0 0 0 0 0 0 0 0 0 0 0 0 0 0 0 0 0 0 0 29 0 0 0 34 49 27 43 64 58 36 0 0 0 0 0 0 45 68 61 43 55 62 46 17 78 87 64 39 0 0 0 50 60 43 11 0 0 0 0 0 0 0 0 0 0 0 0 0 0 0 68 75 60 73 72 58 50 52 38 36 50 64 67
0 19 36 0 0 0 0 0 0 0 0 0 0 0 0 0 0 0 0 0 0 0 0 0 0 0 0 0 0 12 0 0 31 0 12 36 45 51 36 45 31 0 0 0 0 0 0 0 0 51 72 69 60 60 55 47 70 84 85 69 65 29 0 15 77 70 42 27 17 0 0 0 0 0 0 0 0 0 0 0 0 0 0 0 34 65 49 45 34 22 0 6 28 39 51 54
0 0 0 0 0 0 0 0 0 0 0 0 0 0 0 0 0 0 0 0 0 3 0 0 0 0 0 0 10 34 0 8 36 15 34 35 12 14 23 10 0 0 0 0 0 0 0 0 0 11 57 69 70 60 77 83 82 83 74 75 73 46 5 46 81 58 52 48 44 0 0 0 0 0 0 0 0 0 0 0 0 0 0 0 1 53 60 54 55 40 0 0 0 27 60 63
0 0 0 0 0 0 0 0 0 0 0 0 0 0 0 0 0 0 0 0 0 0 0 0 0 0 0 0 26 20 0 44 15 10 2 0 0 0 0 0 0 0 0 0 5 0 0 0 0 0 60 70 65 58 79 84 67 72 73 72 78 44 44 74 76 68 68 72 47 0 0 0 0 0 0 0 0 0 0 0 0 0 0 0 0 32 54 69 69 42 0 0 9 46 67 61
0 0 0 0 6 0 0 0 0 0 0 0 0 0 0 0 0 0 0 0 0 0 0 0 0 20 0 0 17 27 8 45 0 0 0 0 0 0 0 0 5 45 55 52 56 0 0 0 0 0 50 64 69 55 41 57 38 72 75 82 83 72 82 87 82 78 70 46 0 0 0 35 27 0 0 0 0 0 0 0 0 0 0 0 0 0 41 65 53 14 0 0 0 40 63 37
0 0 0 0 0 0 0 0 0 0 0 0 0 0 0 0 0 0 0 0 0 0 0 21 7 0 0 0 21 27 18 24 2 28 41 0 0 61 55 72 70 52 58 65 39 0 0 0 0 0 0 19 66 34 0 34 47 80 48 66 82 82 82 82 73 68 53 33 0 0 31 63 48 0 0 0 0 0 0 0 0 0 0 0 0 0 0 29 10 0 0 0 0 13 31 10
0 0 0 0 0 0 0 0 0 0 0 0 0 0 0 0 0 0 0 0 0 0 0 15 11 0 1 16 31 27 28 3 35 51 61 29 2 53 63 50 38 27 54 54 11 0 0 0 0 0 0 0 0 0 0 52 70 73 15 55 72 74 78 79 47 21 0 0 0 0 49 78 63 7 22 47 25 0 0 0 0 0 0 0 0 0 0 0 0 0 0 0 0 0 0 0
0 0 0 0 0 0 0 0 0 0 0 0 0 0 0 0 0 0 0 0 0 0 0 0 0 0 0 0 0 0 0 14 35 45 53 73 28 13 56 50 37 44 33 8 0 0 0 0 0 0 0 0 0 0 0 60 74 62 0 46 75 40 66 71 27 0 0 0 0 45 55 71 69 65 69 69 46 0 0 0 0 0 0 0 0 0 0 0 0 0 0 0 0 0 0 0
0 0 0 0 0 0 0 0 0 0 0 0 0 0 0 0 0 0 0 0 0 0 0 0 0 0 0 0 0 0 1 36 36 44 52 65 49 51 64 49 53 52 0 0 0 0 0 0 0 0 48 0 0 0 0 42 56 66 2 42 73 44 25 17 0 0 38 24 0 52 64 60 57 76 82 65 27 0 0 0 0 0 0 0 0 0 0 0 0 0 0 0 0 0 0 0
0 0 0 0 0 0 0 0 0 0 0 0 0 0 0 0 0 0 0 0 0 0 0 0 0 0 0 0 0 0 17 37 39 47 50 59 50 64 66 57 40 16 0 0 0 0 0 0 0 22 66 44 17 0 0 0 18 30 0 41 70 43 0 3 25 47 66 58 0 57 70 57 59 55 30 16 0 0 0 0 0 0 0 0 0 0 0 0 0 0 0 0 0 0 0 0
0 0 0 0 0 0 0 0 0 0 0 0 0 0 33 0 0 0 0 0 0 0 0 0 0 0 0 0 0 8 22 26 34 43 46 55 58 40 52 60 41 24 0 0 0 0 0 0 0 32 67 69 54 0 0 0 0 0 17 72 68 42 38 73 57 65 69 64 27 62 60 54 58 56 36 24 15 0 0 0 3 0 0 0 0 0 0 0 0 0 2 5 23 9 0 0
0 0 0 0 0 0 0 0 0 0 0 0 0 0 0 5 7 13 2 9 8 0 0 0 0 0 0 0 0 0 11 20 41 45 45 50 47 45 54 52 42 27 0 0 0 0 39 21 40 47 76 58 21 0 0 0 20 45 68 71 68 52 66 72 70 64 60 64 57 73 58 55 53 66 69 78 45 0 0 11 0 0 0 0 0 0 0 0 0 0 30 44 24 0 0 0
0 0 0 0 0 0 0 0 0 0 0 0 0 0 0 0 0 0 0 8 0 12 40 12 0 35 40 0 0 0 8 32 37 42 43 47 55 55 49 26 6 0 0 0 0 0 48 41 51 55 78 66 43 0 0 0 55 67 67 66 73 62 71 62 60 64 65 64 65 66 55 67 55 61 73 74 33 0 0 35 0 0 0 0 0 0 0 0 0 0 22 43 19 0 0 0
0 0 0 0 0 0 31 53 0 0 0 0 0 0 0 0 0 0 13 37 45 56 59 20 0 48 46 6 0 0 0 46 43 47 49 51 56 58 39 13 0 0 0 0 0 0 38 56 77 77 84 67 57 17 0 0 44 50 54 61 66 65 60 66 68 66 56 54 55 66 68 65 59 54 75 36 0 0 17 29 0 0 0 0 0 0 0 0 0 0 39 42 0 0 0 0
0 15 35 4 0 0 41 51 0 0 0 0 0 0 15 48 49 32 43 51 51 55 45 3 0 52 56 33 6 0 0 45 60 62 63 60 50 47 61 31 0 0 0 0 31 23 45 74 72 76 72 61 45 2 0 0 0 8 43 64 55 46 63 62 56 48 43 37 17 24 60 55 1 42 43 0 0 0 48 32 0 0 0 0 0 0 0 26 0 0 49 48 0 0 0 0
16 36 46 30 10 37 50 34 0 0 0 0 0 0 0 3 67 66 56 57 59 48 43 6 22 70 75 64 35 0 0 44 64 56 48 50 52 54 36 14 0 0 0 0 31 62 77 72 57 62 63 36 7 0 0 0 0 39 54 64 33 40 63 59 63 73 63 65 52 37 0 0 0 0 0 0 0 41 62 53 26 0 0 0 0 0 0 21 39 3 40 57 28 0 0 11
37 55 72 69 60 3 0 0 0 0 0 0 0 0 0 0 41 48 48 48 53 68 37 18 73 68 75 70 46 0 0 0 47 58 70 65 33 0 0 0 0 0 0 6 0 47 85 68 72 71 55 0 0 0 0 21 6 51 68 49 35 38 48 53 55 44 42 40 54 62 67 75 86 43 0 0 47 62 79 71 24 0 0 0 0 0 0 18 58 22 34 60 50 16 0 39
53 58 79 53 7 0 0 0 0 0 0 0 0 0 0 0 36 36 18 29 34 55 62 50 56 55 60 48 15 0 7 65 70 67 56 0 0 0 3 0 0 0 0 49 16 17 75 74 70 44 10 0 0 0 48 60 45 70 55 52 47 47 46 61 55 46 43 35 27 29 50 77 54 13 0 0 62 63 77 61 5 0 0 0 0 0 0 12 58 43 50 73 84 30 6 46
62 60 46 28 0 0 18 0 0 0 0 0 0 0 0 0 23 0 0 0 16 42 56 59 53 51 67 51 24 30 27 68 70 40 0 0 10 42 52 9 0 0 10 76 54 14 71 62 58 0 0 0 15 57 55 60 66 49 52 61 52 51 62 69 60 61 51 43 40 61 63 78 47 0 0 36 63 73 66 45 0 0 0 0 0 0 0 42 59 62 85 87 68 43 51 60
49 52 46 54 24 0 49 0 0 23 0 0 0 0 0 0 0 0 0 0 0 0 8 19 38 58 55 61 59 59 70 64 55 0 9 44 56 54 43 0 0 0 45 69 70 44 56 54 57 43 33 0 64 46 38 46 48 40 48 65 62 52 51 52 56 59 61 50 40 63 79 47 10 0 0 54 68 82 48 12 0 0 0 0 0 0 21 82 83 79 79 84 82 85 92 83
59 71 57 54 0 0 52 0 14 76 0 0 0 0 0 0 0 0 0 0 0 0 0 0 0 15 42 42 42 55 70 66 32 32 55 76 62 53 35 0 0 16 72 49 56 56 35 38 51 50 65 44 53 27 34 47 49 51 54 64 57 61 62 54 61 36 62 61 54 53 66 46 0 0 41 70 78 59 3 0 0 0 0 0 0 0 47 82 82 87 88 88 88 91 90 88
68 69 69 61 13 48 71 64 82 77 0 0 0 0 0 0 0 0 0 0 0 0 0 0 0 0 0 0 0 48 66 60 45 64 74 55 55 64 52 0 0 28 64 53 53 27 40 35 47 47 55 61 37 48 49 54 61 70 73 71 59 29 41 69 66 34 19 52 73 66 62 44 0 0 50 63 34 0 0 0 0 0 0 0 0 26 44 38 40 66 58 66 67 86 85 84
68 55 66 64 64 66 44 58 73 0 0 0 0 0 0 0 0 0 0 0 13 3 0 0 0 0 0 6 28 64 72 71 68 63 50 50 58 62 37 0 46 34 65 55 54 23 47 46 49 61 50 51 52 61 68 71 75 65 65 63 46 6 0 27 52 42 0 15 56 69 52 12 0 0 0 0 0 0 0 0 0 0 0 0 0 0 0 0 0 23 28 36 36 46 49 68
79 55 55 52 62 57 56 44 63 0 28 7 0 0 0 0 0 0 0 0 49 55 54 17 0 42 50 50 61 71 45 53 46 36 40 58 58 52 0 12 48 64 41 54 47 22 45 56 58 64 59 66 68 60 67 72 76 65 53 44 26 0 0 0 0 0 0 0 0 18 16 0 0 0 0 0 0 0 0 0 0 0 0 0 0 0 0 0 0 0 0 0 0 0 13 44
69 66 62 52 62 53 46 51 65 18 24 0 0 0 0 0 0 13 6 33 67 66 43 0 0 62 68 63 62 54 21 18 17 23 52 77 56 24 0 53 24 39 54 48 37 39 39 51 54 12 61 51 78 49 51 82 76 76 68 47 11 0 0 0 0 0 0 0 0 0 0 0 0 0 0 0 0 0 0 0 0 0 0 0 0 0 0 0 0 0 0 0 0 0 0 3
69 65 56 73 77 58 67 65 67 20 17 23 0 0 0 0 2 58 58 66 66 62 40 0 0 60 61 48 35 26 28 25 14 20 61 75 62 61 21 56 23 36 54 61 39 51 57 60 66 35 21 44 79 67 44 72 79 52 54 40 0 0 0 0 0 0 0 0 0 0 0 0 0 0 0 0 0 0 0 0 29 17 0 0 0 0 0 0 0 0 0 0 0 0 8 0
70 64 57 71 47 50 68 62 76 74 65 36 0 0 0 0 0 50 72 65 65 55 41 0 32 71 44 40 28 12 34 42 24 31 58 41 24 61 48 61 32 59 75 52 49 50 66 63 66 43 0 37 83 70 43 49 54 31 23 12 0 0 0 0 0 0 0 0 0 0 0 0 0 0 0 0 0 0 3 39 66 13 0 0 4 48 42 33 0 3 36 56 66 70 61 12
61 69 58 71 28 67 56 66 75 68 22 0 0 0 0 0 0 0 25 55 66 50 57 62 51 35 44 58 59 43 44 45 28 44 24 8 0 61 67 13 19 48 62 71 69 59 72 67 37 18 0 1 53 50 36 30 44 0 0 0 0 0 0 0 0 0 0 0 0 0 0 0 0 0 0 0 32 52 53 84 74 15 0 0 26 71 84 72 48 41 85 88 89 72 56 17
0 58 62 22 27 53 36 73 48 41 26 0 0 2 0 0 0 0 0 58 59 37 58 60 49 50 60 32 60 50 45 43 39 73 56 0 3 31 8 4 29 60 76 68 57 30 69 66 36 2 0 0 12 2 3 0 32 0 0 0 0 0 0 0 0 0 0 0 0 0 0 0 0 0 0 10 48 70 72 83 86 40 0 0 22 66 89 84 84 48 84 86 82 52 32 19
0 0 0 0 44 48 48 61 53 42 71 70 73 58 5 0 0 0 0 76 41 61 72 82 58 52 4 39 43 26 22 61 63 76 61 9 3 23 41 27 52 62 71 72 70 38 42 50 26 0 0 0 0 0 0 0 0 0 0 0 0 0 0 0 0 0 0 0 0 0 0 0 0 0 0 7 23 37 58 87 85 49 0 0 0 44 77 82 84 74 79 77 58 0 0 40
0 0 0 38 67 32 32 45 48 49 60 74 67 69 40 0 0 0 0 67 71 55 75 54 32 0 0 66 31 41 43 59 67 69 65 45 36 42 63 44 34 47 63 65 60 46 3 7 0 0 0 0 0 0 0 0 0 0 0 0 0 0 0 0 0 0 6 0 0 0 21 0 0 0 0 0 0 1 52 93 92 50 9 0 0 29 73 68 83 83 83 64 39 26 13 58
38 50 57 54 32 18 16 41 45 41 59 76 66 46 49 0 0 0 0 34 6 0 0 0 0 0 44 70 46 58 74 64 75 56 73 60 44 42 64 74 64 74 80 66 39 0 0 0 0 0 0 0 0 0 0 0 0 0 0 0 0 0 0 0 0 0 28 0 0 0 10 18 0 0 0 0 0 0 35 83 81 75 57 24 0 5 70 71 66 69 82 63 66 72 47 84
49 48 50 42 43 42 26 52 74 57 59 73 74 38 0 0 0 0 0 0 0 0 0 0 31 66 66 70 48 48 74 70 71 50 73 57 60 68 71 54 50 60 47 24 0 0 0 0 0 0 0 0 0 0 0 0 0 0 0 0 0 23 46 37 15 0 60 54 0 0 0 50 0 0 0 0 0 0 17 64 80 81 72 24 0 0 72 75 61 71 80 74 78 59 75 80
37 50 45 76 66 56 29 55 67 75 56 52 42 3 0 0 0 0 0 0 0 0 11 49 67 43 56 63 36 57 75 68 49 32 84 64 75 75 81 50 0 0 0 0 0 0 0 0 0 0 0 0 0 0 3 0 0 0 0 0 0 47 73 68 64 49 84 58 13 0 6 46 0 0 0 0 0 0 0 46 85 87 72 0 0 23 80 67 54 68 68 66 77 76 72 79
63 78 76 79 42 75 73 53 69 42 47 57 47 0 0 0 0 39 58 0 0 42 53 60 31 38 72 61 56 64 72 69 71 40 50 86 79 51 18 0 0 0 0 0 0 0 0 0 0 0 0 0 5 15 35 13 0 0 0 0 0 0 31 64 64 86 81 25 0 0 39 46 0 0 0 0 0 0 0 67 94 90 60 0 0 32 80 66 56 57 66 72 71 77 66 67
55 44 30 46 35 57 79 80 64 62 31 40 28 0 0 0 16 65 63 33 0 52 64 52 20 21 57 55 57 60 60 62 78 53 20 68 42 0 0 0 0 0 0 0 0 0 0 0 0 0 22 36 40 64 34 4 0 0 0 0 0 0 21 75 60 74 81 0 0 19 70 36 0 0 0 0 0 0 0 64 87 90 45 0 0 1 80 77 63 63 64 77 66 67 66 79
62 57 55 43 24 0 0 23 50 68 55 16 0 0 0 0 40 46 48 52 0 55 50 60 44 27 44 55 60 64 73 81 79 45 0 0 0 0 0 0 0 0 0 0 14 52 59 22 45 41 36 78 65 36 0 0 0 0 0 0 0 29 65 81 58 86 55 0 0 70 62 20 0 0 0 0 0 0 0 13 64 94 54 0 0 0 80 75 62 62 62 66 72 84 86 77
63 64 41 50 63 42 14 0 0 19 54 29 0 0 0 0 44 50 47 62 48 53 65 76 63 35 58 71 76 85 87 50 41 0 0 0 0 0 0 0 16 44 2 39 76 71 72 42 72 72 54 66 39 6 0 0 0 0 0 0 25 65 81 74 67 58 20 0 15 71 47 10 0 0 0 0 0 0 0 3 38 86 58 11 0 7 78 65 63 67 81 86 77 65 66 46
46 50 28 22 45 53 61 25 0 0 0 4 0 0 63 3 61 49 49 58 74 66 61 70 64 54 65 83 64 44 39 0 0 0 0 0 0 0 0 0 52 69 69 57 83 90 85 58 82 81 80 74 12 0 0 0 0 0 0 0 9 57 69 85 87 54 2 0 58 69 41 13 0 0 0 0 0 0 0 0 6 59 34 0 0 0 67 73 74 85 66 65 46 15 26 15
8 42 37 6 26 53 78 74 77 48 0 0 0 6 64 26 56 56 38 56 61 74 65 74 80 69 79 81 39 0 0 0 0 0 0 10 20 44 0 0 49 76 87 75 66 77 78 82 86 80 78 52 8 0 0 0 0 0 20 0 14 60 77 84 88 56 0 0 71 64 34 8 0 0 0 0 0 0 0 0 0 0 0 0 0 0 46 90 89 67 45 22 21 0 0 0
1 36 68 40 18 41 48 63 77 62 0 0 0 49 55 58 58 49 33 40 48 74 76 75 49 79 78 43 0 0 0 0 0 44 64 78 84 66 0 0 29 78 58 70 53 65 81 75 86 84 75 42 9 0 0 0 0 3 61 58 0 49 82 78 78 46 0 26 69 56 18 0 0 0 0 0 0 0 0 0 0 0 0 0 0 0 7 57 60 26 0 0 0 0 0 0
6 31 73 76 60 24 26 48 58 51 3 0 10 78 46 65 57 42 26 63 63 82 58 45 0 8 37 44 0 0 0 0 48 78 82 87 78 41 4 0 31 88 57 53 57 69 81 84 86 82 65 19 0 0 0 0 0 39 84 84 56 46 82 86 64 16 0 44 62 51 4 0 0 0 0 0 0 0 59 60 0 0 0 0 0 0 0 2 0 0 0 0 0 0 0 0
7 19 56 72 58 48 31 62 59 56 9 0 42 65 50 54 60 50 63 65 74 73 19 0 0 0 0 0 0 0 0 0 11 59 82 63 77 59 51 9 0 54 75 55 58 64 77 78 69 56 26 0 0 0 13 0 0 46 85 88 81 64 84 80 51 0 42 47 57 68 23 1 14 40 62 14 0 0 29 61 26 20 0 0 0 0 0 0 0 0 0 0 0 0 0 0
43 24 31 54 57 52 58 55 46 20 0 0 24 64 61 58 62 64 80 82 59 17 0 0 0 0 0 0 14 8 0 0 21 57 79 50 71 68 76 68 0 3 74 60 65 78 80 80 49 15 0 0 8 41 67 0 0 4 60 82 81 79 85 64 25 36 80 80 56 81 77 62 67 81 64 36 0 0 60 86 64 73 53 8 0 0 0 0 0 0 0 0 0 33 25 2
64 44 28 50 63 60 17 0 0 0 0 0 44 67 70 71 86 77 74 73 45 1 10 44 46 14 62 42 66 51 0 0 68 66 82 47 57 68 73 71 18 0 72 60 59 71 69 78 52 3 0 16 70 69 75 26 0 7 85 75 58 66 74 52 21 58 81 87 72 61 71 85 74 63 50 1 0 0 50 87 84 78 61 33 0 0 0 0 24 22 44 53 28 73 60 71
54 54 62 57 47 14 0 7 30 60 0 41 66 83 62 65 69 77 71 32 1 43 80 88 40 48 86 62 84 78 0 10 78 76 78 54 58 72 74 65 49 38 66 60 59 79 69 63 31 0 50 60 79 76 82 68 0 51 80 86 57 65 73 50 48 78 65 69 72 59 66 76 59 54 16 0 0 0 28 84 86 86 67 55 7 0 0 0 64 71 77 76 70 88 84 86
53 58 35 34 9 38 75 81 73 68 0 2 40 46 68 69 62 82 43 52 47 81 74 85 43 76 83 83 72 77 1 24 75 75 75 58 59 73 67 60 64 75 71 70 60 73 68 28 25 9 81 79 75 58 69 68 0 53 81 79 66 71 71 42 53 65 48 64 64 71 79 66 56 23 0 0 0 0 58 84 76 84 81 66 41 2 0 0 55 79 81 72 82 75 86 84
72 67 76 73 73 62 57 60 63 38 0 0 0 29 70 63 70 86 74 83 58 64 61 80 56 77 64 70 80 37 10 52 76 78 69 46 39 57 44 37 29 45 73 75 60 79 59 68 54 43 75 62 48 56 74 50 0 33 88 63 59 76 70 33 56 53 47 65 69 78 76 64 46 0 0 0 0 45 89 87 61 72 80 86 56 10 0 0 22 79 79 55 59 59 65 79
54 57 45 46 34 67 55 63 51 0 0 19 36 36 46 77 59 63 81 82 60 66 60 83 73 65 51 66 58 23 28 76 64 53 43 24 23 52 44 47 46 56 70 74 62 81 80 80 52 45 83 50 51 75 69 4 0 39 83 65 59 75 69 36 59 58 52 70 78 73 66 62 55 15 0 0 0 55 83 71 60 68 80 73 51 5 0 0 0 57 74 66 55 57 60 64
9 44 53 46 55 63 51 23 0 0 32 65 86 85 46 59 70 63 84 74 74 64 58 81 75 51 42 71 39 56 37 71 57 27 18 14 54 72 59 60 64 75 75 62 58 74 66 70 42 69 56 48 72 74 44 0 0 57 89 86 71 72 71 46 57 66 61 60 71 70 65 74 80 42 0 0 0 61 83 66 49 67 74 66 45 22 0 0 0 20 82 78 70 61 59 60
45 54 65 64 58 40 7 4 30 9 68 79 62 64 79 60 86 61 78 62 80 69 55 79 60 45 58 75 44 74 68 45 69 41 35 34 66 64 64 56 55 68 79 59 47 46 72 54 61 72 50 60 79 65 32 17 38 54 87 84 61 71 77 60 60 70 59 60 60 67 76 79 78 41 0 0 9 82 77 77 58 76 70 79 67 47 1 0 0 0 60 82 75 76 71 62
56 65 67 49 15 8 38 70 74 31 79 62 45 55 63 80 79 69 70 57 67 61 50 70 47 55 76 62 57 72 75 45 67 75 62 56 68 59 72 60 71 70 79 73 59 44 59 74 76 57 48 64 77 57 55 84 71 36 74 67 60 73 74 68 76 62 52 61 71 76 81 74 75 53 0 0 36 85 63 65 59 74 80 80 86 55 10 0 0 0 19 53 57 82 79 77
67 62 62 29 11 74 79 75 70 62 83 64 46 57 74 81 80 78 59 45 57 57 50 57 60 71 78 58 75 56 58 64 75 75 58 55 77 36 49 76 67 60 59 74 74 46 46 58 59 45 62 77 58 69 82 86 79 43 74 61 62 62 77 79 62 59 61 62 71 61 60 58 76 57 0 0 37 84 80 75 59 68 69 66 78 53 24 49 29 0 0 22 61 80 82 78
64 61 53 34 54 78 66 73 72 75 71 65 47 41 60 77 71 59 57 41 56 46 54 47 60 74 61 70 61 32 56 72 57 61 65 62 82 24 17 78 60 51 59 76 61 47 45 59 59 61 72 68 67 87 66 62 77 55 78 65 54 60 61 68 77 76 73 63 78 41 0 0 15 25 0 0 0 63 83 72 61 59 64 84 65 53 56 82 68 17 0 34 76 79 69 69
62 70 64 43 79 72 64 74 75 78 62 60 55 45 55 72 60 76 67 56 57 55 58 55 59 71 51 72 59 17 48 57 58 74 75 81 72 5 0 57 48 26 66 70 50 58 77 69 68 73 63 83 80 62 59 68 69 74 67 61 64 71 72 66 81 74 63 61 33 0 1 30 9 18 48 30 0 59 84 61 58 60 75 77 56 58 88 84 78 35 2 51 77 72 60 58
65 70 66 75 84 66 71 77 70 73 62 75 71 60 60 78 76 77 68 61 72 70 65 72 77 68 70 66 80 52 58 66 81 83 57 28 22 0 0 23 51 62 71 68 46 61 70 76 80 69 69 60 60 60 68 69 72 69 64 76 81 79 81 87 64 56 18 0 2 34 64 78 55 77 76 31 0 60 80 76 62 62 84 74 60 65 68 72 77 48 5 61 86 69 59 26
70 74 79 78 82 65 73 72 72 68 77 80 69 72 79 63 63 85 82 81 77 76 66 61 77 71 73 59 71 91 86 81 75 70 61 44 30 0 0 44 69 81 77 73 48 68 76 57 60 75 65 61 44 56 65 63 72 82 86 83 55 45 46 47 20 11 6 10 53 79 86 83 53 82 81 50 25 74 74 69 69 72 83 84 72 67 57 61 74 64 11 62 74 75 60 37
