models/BlackGrouse/Inputs/BlackGrouse_SDMpredictions2030.asc
NCOLS 349 
NROWS 221 
XLLCORNER 485000 
YLLCORNER 75000 
CELLSIZE 1000 
NODATA_value -1 
[rows 72 to 143 of 221, columns 192 to 287 of 349]
0 0 0 0 0 0 0 0 0 0 0 0 0 0 0 0 0 0 0 0 0 0 0 0 0 0 0 0 0 0 0 0 0 0 0 0 0 0 0 0 0 0 0 0 0 0 0 0 0 0 0 0 0 0 0 0 38 40 43 46 26 11 25 18 46 53 45 48 46 33 68 76 67 28 0 0 0 0 0 0 0 0 0 0 0 0 0 0 0 0 0 0 0 0 0 0
0 0 0 0 0 0 0 0 0 0 0 0 0 0 0 0 0 0 0 0 0 0 0 0 0 0 0 0 0 0 0 0 0 0 0 0 0 2 10 0 0 0 0 0 0 0 0 0 0 0 0 0 0 0 0 0 0 0 0 0 0 0 0 0 0 0 0 12 65 68 57 58 64 49 0 0 0 0 0 0 0 0 0 0 0 0 0 0 0 0 0 0 0 0 0 0
0 0 0 0 0 0 0 0 0 0 0 0 0 0 0 0 0 0 0 0 0 0 0 0 0 0 0 0 0 0 0 0 0 0 0 0 0 0 13 12 0 16 0 0 0 0 0 0 0 0 0 0 0 0 0 0 0 0 0 0 0 0 0 0 0 0 0 0 64 50 65 61 53 6 7 0 0 0 0 0 0 0 0 0 0 0 0 0 0 0 0 0 0 0 0 0
0 0 0 0 0 0 0 0 0 0 0 0 0 0 0 0 0 0 0 0 0 0 0 0 0 0 0 0 0 0 0 0 0 0 0 0 0 0 25 42 20 14 0 0 0 0 0 0 0 0 0 0 0 0 0 0 0 0 0 0 0 0 0 0 0 0 0 0 0 17 54 71 70 63 62 0 0 0 0 0 0 0 0 0 0 0 0 0 0 0 0 0 0 0 0 0
0 0 0 0 0 0 0 0 0 0 0 0 0 0 0 0 0 0 0 0 0 0 0 0 0 0 0 0 0 0 0 0 0 0 0 0 0 0 44 47 45 35 15 0 0 0 0 0 0 0 0 0 0 0 0 0 0 0 0 0 0 0 0 0 0 0 0 0 0 0 16 78 74 64 72 0 0 0 0 0 0 0 0 0 0 0 0 0 0 0 0 0 0 0 0 0
0 0 0 0 0 0 0 0 0 0 0 0 0 0 0 0 0 0 0 0 0 0 0 0 0 0 0 0 0 0 0 0 11 0 0 0 0 0 26 40 48 9 0 0 0 0 0 0 0 0 0 0 0 0 0 0 0 0 0 0 0 0 0 0 0 0 0 0 0 0 36 77 62 56 44 0 0 0 0 0 0 0 0 0 0 0 0 0 0 0 0 0 0 0 0 0
0 0 0 0 0 0 0 0 0 0 0 0 0 0 0 0 0 0 0 0 0 0 0 0 0 0 0 0 0 0 0 10 0 0 0 0 0 21 39 62 42 0 0 0 0 0 0 0 0 4 58 0 7 0 0 0 0 0 0 0 0 0 0 0 0 0 0 0 0 0 0 50 50 70 45 0 0 0 0 0 0 0 0 0 0 0 0 0 0 0 0 0 0 0 0 0
0 0 0 0 0 0 0 0 0 0 0 0 0 0 0 0 0 0 0 0 0 0 0 0 0 0 0 0 0 0 0 6 0 0 0 0 0 61 44 45 0 0 0 0 0 0 0 0 0 0 50 0 72 17 72 54 0 0 33 40 0 0 16 0 0 0 0 0 0 0 0 0 13 76 23 0 0 0 0 0 0 0 0 0 0 0 0 0 0 0 0 0 0 0 0 0
0 0 0 0 0 0 0 0 0 20 23 0 0 0 0 0 0 0 6 0 0 0 0 15 0 0 0 0 0 0 0 0 0 0 0 0 0 29 55 48 0 0 0 6 0 0 0 0 0 0 59 6 68 46 76 77 0 47 86 88 72 67 60 17 0 0 0 0 0 0 0 0 0 52 31 0 0 0 0 0 0 0 0 0 0 0 0 0 0 0 0 0 0 0 0 0
0 0 0 0 0 0 0 0 5 0 0 0 0 0 0 0 0 0 11 0 0 0 0 18 0 0 0 0 0 0 0 0 0 0 0 0 0 59 64 7 10 67 84 79 0 0 0 0 0 71 67 38 55 55 42 44 0 80 84 81 74 71 60 0 0 0 0 0 0 0 0 0 0 0 0 0 0 0 0 0 0 0 71 74 0 0 64 40 57 0 50 53 31 9 13 0
0 0 0 0 0 0 0 0 0 0 0 0 0 0 0 0 7 0 5 0 0 0 0 0 0 0 0 0 0 0 0 0 57 33 0 0 47 62 51 26 73 61 58 76 0 0 0 0 0 80 67 60 64 56 76 74 0 89 79 76 67 39 3 0 0 70 43 0 0 0 0 0 0 0 0 0 0 0 0 0 0 0 36 79 57 47 39 53 48 49 46 59 50 47 20 9
0 0 14 0 0 0 0 0 0 0 0 0 0 0 0 0 0 0 0 0 0 0 0 0 0 0 0 0 0 0 0 0 34 16 0 16 39 44 51 58 68 73 59 0 0 0 0 0 0 59 55 52 52 58 57 67 31 88 78 75 61 5 0 0 77 85 67 20 0 0 0 0 0 0 0 0 0 0 0 0 0 0 0 82 65 54 71 78 77 67 72 50 44 62 70 50
0 46 67 0 0 0 0 0 0 0 0 0 0 0 0 0 0 0 0 0 0 10 0 0 0 0 0 0 0 39 0 0 33 8 35 47 39 49 60 65 61 12 0 0 0 0 0 0 0 64 55 44 54 66 70 68 83 78 74 76 77 44 0 27 87 82 71 44 28 0 0 0 0 0 0 0 0 0 0 0 0 0 0 0 43 67 64 75 57 30 0 4 37 59 78 68
0 15 20 0 0 0 0 0 0 0 0 0 0 0 0 0 0 0 0 0 0 22 0 0 0 0 0 0 15 42 0 25 34 43 51 58 35 29 45 23 0 0 0 0 0 0 0 0 0 26 72 45 47 68 78 74 72 72 64 63 71 74 12 66 74 79 77 79 82 0 0 0 0 0 0 0 0 0 0 0 0 0 0 0 2 78 69 77 89 72 0 0 0 37 84 64
0 0 0 28 0 0 0 0 0 0 0 0 0 0 0 0 0 0 0 0 3 15 0 0 0 0 0 0 39 34 0 68 46 26 16 0 0 0 0 0 0 0 0 0 19 0 0 0 0 0 82 46 39 50 68 71 74 73 58 56 67 67 71 88 66 77 76 89 80 0 0 0 0 0 0 0 0 0 0 0 0 0 0 0 0 43 79 61 85 59 0 0 11 71 80 68
0 0 0 18 34 14 0 0 0 0 0 0 0 0 0 0 0 0 0 0 0 1 0 0 0 44 0 0 28 25 28 66 13 0 0 0 0 0 0 0 19 65 71 65 67 0 0 0 0 0 77 68 43 55 63 87 62 72 59 69 72 78 78 80 71 68 73 79 0 0 0 52 44 0 0 0 0 0 0 0 0 0 0 0 0 0 67 75 78 19 0 0 0 66 70 48
0 0 0 0 0 0 0 0 0 0 0 0 0 0 0 0 0 0 0 0 0 0 1 35 16 3 0 0 21 17 13 51 12 44 64 0 8 76 70 75 51 14 16 37 64 0 0 0 0 0 0 36 76 49 1 52 70 67 61 74 70 70 71 70 75 79 83 45 0 0 45 79 62 0 0 0 0 0 0 0 0 0 0 0 0 0 0 40 14 0 0 0 0 12 31 8
0 0 0 0 0 0 0 0 0 0 0 0 0 0 0 0 0 0 0 0 0 0 0 27 18 12 11 14 23 15 24 13 50 37 52 50 15 78 58 20 0 0 16 41 22 0 0 0 0 0 0 0 0 0 0 79 64 59 27 78 55 75 68 68 71 36 0 0 0 0 70 57 63 16 34 74 43 0 0 0 0 0 0 0 0 0 0 0 0 0 0 0 0 0 0 0
0 0 0 0 0 0 0 0 0 0 0 0 0 0 0 0 0 0 0 0 0 0 0 0 0 0 0 0 0 0 13 21 20 10 31 80 48 30 58 16 0 5 37 18 0 0 0 0 0 0 0 0 0 0 0 86 58 51 3 65 60 60 80 83 37 0 0 0 0 74 73 40 51 73 82 83 78 0 0 0 0 0 0 0 0 0 0 0 0 0 0 0 0 0 0 0
0 0 0 0 0 0 0 0 0 0 0 0 0 0 0 0 0 0 0 0 0 0 0 0 0 0 0 0 0 0 11 50 17 15 34 70 65 62 53 13 22 35 4 0 0 0 0 0 0 3 71 0 0 0 0 66 82 80 8 56 53 61 41 29 0 0 66 33 0 66 61 26 30 68 82 87 41 0 0 0 0 0 0 0 0 0 0 0 0 0 0 0 0 0 0 0
0 0 0 0 0 0 0 0 0 0 0 0 0 0 18 0 0 0 0 0 0 0 0 0 0 0 0 0 0 13 31 46 22 21 30 55 60 33 45 46 47 25 0 0 0 0 0 0 0 30 62 57 24 0 0 0 30 44 0 45 45 62 0 9 40 73 75 62 0 58 43 18 28 60 56 19 0 0 0 0 0 0 0 0 0 0 0 0 0 0 0 0 0 0 0 0
0 0 0 0 0 0 0 0 0 0 0 0 0 0 58 10 0 8 3 8 0 0 0 0 0 0 0 0 0 35 48 40 24 27 22 40 45 2 20 30 48 43 3 0 0 0 0 0 0 51 56 54 75 0 0 0 0 0 16 41 34 51 64 88 74 73 55 63 35 65 28 11 25 60 51 37 24 0 0 0 4 0 0 0 0 0 0 0 0 0 2 7 28 13 0 0
0 0 0 0 0 0 0 0 0 0 0 0 0 0 12 36 38 42 34 42 32 0 0 0 0 12 0 0 0 0 26 42 31 20 18 24 21 12 26 42 58 36 0 0 0 0 63 28 51 64 69 60 31 0 0 0 21 57 53 53 48 64 78 59 55 38 31 47 54 60 16 22 13 33 50 74 67 0 0 16 0 0 0 0 0 0 0 0 0 0 36 54 36 0 0 0
0 0 0 0 0 0 0 0 0 0 0 0 0 0 0 0 0 0 3 40 28 42 62 33 0 53 66 0 0 0 20 44 35 22 26 19 27 26 40 36 16 0 0 0 0 0 73 66 75 68 68 46 56 0 0 0 77 74 70 56 47 62 57 36 30 45 46 42 46 50 16 47 21 28 65 75 44 0 0 49 0 0 0 0 0 0 0 0 0 0 23 52 28 0 0 0
0 0 8 0 0 0 60 77 0 0 0 0 0 0 0 0 0 0 35 69 56 54 54 48 0 49 57 24 0 0 0 52 39 42 41 27 21 36 46 24 0 0 0 0 0 0 68 74 75 76 72 45 62 24 0 0 66 81 79 57 28 43 30 48 53 84 86 74 82 77 51 44 42 18 38 50 0 0 22 53 0 0 0 0 0 0 0 0 0 0 47 60 0 0 0 0
0 42 68 33 0 0 70 68 0 0 0 0 0 0 46 80 82 51 56 57 36 32 54 24 4 65 68 55 22 0 0 54 53 51 45 31 24 11 29 42 0 0 0 0 41 25 60 63 41 52 58 61 62 7 0 0 0 8 63 61 12 3 37 70 82 71 68 64 26 36 67 49 5 39 60 0 0 0 68 58 0 0 0 0 0 0 0 35 0 0 74 72 0 0 0 0
42 66 66 46 37 68 74 68 0 0 0 0 0 0 0 30 79 67 65 40 42 54 62 24 41 75 80 70 49 0 0 47 59 60 57 43 26 33 40 20 0 0 0 0 42 47 65 35 9 34 70 53 14 0 0 0 0 50 62 33 0 0 37 58 65 61 60 71 75 50 0 0 0 0 0 0 0 56 69 67 35 0 0 0 0 0 0 29 68 2 52 77 39 0 0 10
56 68 70 76 76 26 0 0 0 0 0 0 0 0 0 0 68 62 45 35 43 72 60 45 79 64 66 51 44 0 0 2 46 58 46 40 37 0 0 0 0 0 0 10 0 60 58 29 56 54 60 5 0 0 0 29 14 57 40 6 0 0 2 17 15 0 0 0 14 35 39 25 64 65 0 0 65 30 42 69 28 0 0 0 0 0 0 22 91 26 48 79 84 22 0 44
62 55 76 69 26 0 0 0 0 0 0 0 0 0 0 10 71 64 38 48 54 53 66 65 58 44 51 48 26 7 21 65 48 43 48 0 0 0 10 0 0 0 0 70 20 23 46 47 67 54 17 0 0 0 57 61 52 55 18 6 3 2 2 29 30 2 0 0 0 0 0 36 62 12 0 0 60 12 45 75 0 0 0 0 0 0 0 15 92 65 75 82 91 43 6 65
60 51 68 47 0 0 47 18 0 0 0 0 0 0 0 15 45 0 0 0 33 55 56 40 24 21 43 52 38 44 38 47 48 49 0 0 27 66 71 20 0 0 15 77 64 19 32 18 58 4 0 0 18 58 22 25 40 4 12 35 18 11 37 54 51 36 12 0 0 4 11 41 72 0 0 48 41 34 47 66 0 0 0 0 0 0 0 58 91 74 64 69 89 68 76 84
70 56 68 65 44 0 76 6 0 37 0 0 0 0 0 0 0 0 0 0 0 0 19 34 48 43 23 58 59 54 48 38 60 8 19 66 78 74 61 5 0 0 63 26 30 37 2 20 49 49 31 0 44 2 0 1 3 0 7 41 34 13 10 16 40 55 40 7 0 8 44 68 9 0 0 78 41 53 58 9 0 0 0 0 0 0 26 86 69 50 53 72 85 92 81 82
75 67 80 66 11 3 67 0 29 70 0 0 0 0 0 0 0 0 0 0 0 0 0 0 1 34 58 54 52 51 52 48 51 58 80 68 61 55 51 0 0 16 39 0 7 7 0 0 9 11 44 48 14 0 0 1 9 16 22 33 45 52 33 20 23 36 62 33 22 15 56 74 0 0 57 61 68 78 0 0 0 0 0 0 0 0 66 85 85 67 66 66 67 71 71 68
75 54 70 71 24 63 43 58 42 60 0 0 0 0 0 0 0 0 0 0 0 0 0 0 0 0 0 0 9 63 67 61 59 73 58 10 24 40 53 4 0 28 17 8 0 0 0 0 4 4 18 31 0 2 8 22 31 42 51 52 73 34 45 43 36 34 18 63 57 48 70 67 0 0 79 88 42 0 0 0 0 0 0 0 0 46 75 62 63 93 88 81 91 87 87 84
51 20 30 30 71 66 6 9 37 3 0 0 0 0 0 0 0 0 0 8 27 12 5 0 0 0 3 16 48 65 56 54 51 32 10 0 0 30 42 0 54 26 30 20 14 0 2 4 7 26 11 10 11 30 42 52 53 58 76 86 77 1 0 28 75 55 0 13 83 86 76 10 0 0 0 0 0 0 0 0 0 0 0 0 0 0 0 0 0 31 31 44 46 79 85 93
40 14 13 8 2 21 10 0 52 0 42 24 0 0 0 0 0 0 0 5 60 55 52 27 0 59 63 60 55 49 5 10 2 0 0 0 10 46 0 18 5 28 40 40 2 0 0 18 24 32 22 35 46 51 55 48 60 58 76 71 30 0 0 0 0 0 0 0 0 27 20 0 0 0 0 0 0 0 0 0 0 0 0 0 0 0 0 0 0 0 0 0 0 0 8 77
53 42 23 6 0 14 4 3 57 40 36 4 0 0 0 0 0 24 17 46 45 41 55 7 0 70 42 36 32 14 0 0 0 0 0 37 55 34 0 47 0 0 40 39 0 0 0 15 41 19 66 68 56 60 70 74 60 54 65 73 7 0 0 0 0 0 0 0 0 0 0 0 0 0 0 0 0 0 0 0 0 0 0 0 0 0 0 0 0 0 0 0 0 0 0 0
47 32 11 17 45 59 45 43 64 38 39 40 0 0 0 0 12 64 57 40 38 36 51 0 3 67 26 4 0 0 0 0 0 0 5 35 34 39 30 50 0 0 35 34 0 8 19 25 35 39 27 67 68 64 66 84 68 78 78 50 0 0 0 0 0 0 0 0 0 0 0 0 0 0 0 0 0 0 0 0 55 25 0 0 0 0 0 0 0 0 0 0 0 0 9 0
46 34 10 50 70 68 58 29 34 36 49 44 8 0 0 0 0 61 59 37 37 42 46 1 48 51 1 0 0 0 0 0 0 0 0 0 0 23 42 34 0 0 30 12 10 9 41 65 77 63 0 56 72 70 65 76 81 38 27 10 0 0 0 0 0 0 0 0 0 0 0 0 0 0 0 0 0 0 6 63 89 17 0 0 7 75 62 43 0 2 62 83 87 93 84 7
72 49 20 67 40 48 18 7 32 51 40 0 0 0 0 0 0 0 47 45 38 7 23 39 8 0 0 28 32 0 0 0 0 0 0 0 0 3 13 0 0 0 6 14 40 41 47 78 55 23 0 1 81 74 51 33 69 0 0 0 0 0 0 0 0 0 0 0 0 0 0 0 0 0 0 0 61 87 85 89 93 22 0 0 46 85 90 91 77 62 92 89 92 73 79 13
12 67 59 43 35 9 0 37 52 48 44 0 0 13 0 0 0 0 1 56 21 0 0 0 4 6 29 33 30 14 0 0 0 24 0 0 0 0 0 0 0 0 30 53 68 38 61 61 43 1 0 0 14 0 2 0 44 0 0 0 0 0 0 0 0 0 0 0 0 0 0 0 0 0 0 13 82 93 89 82 88 68 0 0 36 83 68 80 87 63 57 61 74 44 31 16
0 2 2 0 50 4 1 36 55 54 56 65 65 69 13 0 0 0 0 59 0 2 24 38 58 54 15 39 0 0 0 8 10 40 0 0 0 0 0 0 0 7 20 24 55 51 60 63 32 0 0 0 0 0 0 0 0 0 0 0 0 0 0 0 0 0 0 0 0 0 0 0 0 0 0 8 34 63 87 82 80 75 0 0 0 61 69 55 75 70 49 44 33 4 0 55
0 0 4 42 44 0 0 0 2 8 0 31 54 54 71 0 0 0 0 74 44 47 58 82 53 0 0 45 0 0 0 0 48 61 15 0 0 0 8 0 0 0 7 26 52 59 0 5 0 0 0 0 0 0 0 0 0 0 0 0 0 0 0 0 0 0 7 0 0 0 28 0 0 0 0 0 0 0 86 78 79 74 11 0 0 48 68 30 53 55 53 47 29 20 6 77
44 50 51 15 0 0 0 0 0 0 0 29 53 57 77 0 0 0 0 61 9 0 0 0 0 0 57 52 0 0 24 7 52 60 23 0 0 0 11 34 12 31 56 75 43 0 0 0 0 0 0 0 0 0 0 0 0 0 0 0 0 0 0 0 0 0 41 0 0 0 9 28 0 0 0 0 0 0 60 93 51 72 78 36 0 6 80 34 20 22 49 48 52 79 66 70
5 2 4 0 0 0 0 0 24 0 0 33 64 57 0 0 0 0 0 0 0 0 0 0 53 48 48 52 0 0 31 54 65 56 24 0 0 16 26 58 64 85 73 28 0 0 0 0 0 0 0 0 0 0 0 0 0 0 0 0 0 27 71 48 17 0 92 81 0 0 0 76 0 0 0 0 0 0 31 81 81 52 78 32 0 0 88 31 5 20 41 53 39 58 62 52
0 0 0 28 51 14 0 0 48 36 20 40 72 6 0 0 0 0 0 0 0 0 19 62 44 0 19 38 0 0 30 57 56 51 76 8 36 64 82 75 0 0 0 0 0 0 0 0 0 0 0 0 0 0 8 0 0 0 0 0 2 76 93 80 74 64 90 72 15 0 8 75 0 0 0 0 0 0 0 64 93 63 77 0 0 36 88 23 0 11 11 10 32 44 26 43
7 36 33 38 50 35 22 0 51 53 49 36 73 0 0 0 0 61 65 3 0 66 52 28 0 0 17 8 0 8 23 15 31 52 76 55 81 82 16 0 0 0 0 0 0 0 0 0 0 0 0 0 13 24 42 26 0 0 0 0 0 0 43 78 20 55 80 39 0 0 68 73 0 0 0 0 0 0 0 86 81 70 84 0 0 46 85 13 0 0 5 17 39 22 8 20
18 54 39 64 57 86 79 46 27 45 34 34 13 0 0 0 22 36 34 43 0 75 36 4 0 0 0 0 0 0 2 10 41 75 25 92 70 0 0 0 0 0 0 0 0 0 0 0 9 6 34 41 50 75 46 12 0 0 0 0 0 0 25 77 7 32 85 0 0 19 89 49 0 0 0 0 0 0 0 82 94 84 69 0 0 2 89 44 13 3 18 32 11 5 13 42
42 62 45 52 36 1 11 40 54 41 37 0 0 0 0 0 37 0 2 46 0 45 0 0 0 0 0 0 0 12 34 51 80 72 0 0 0 0 0 0 0 0 0 0 24 73 81 33 67 57 49 76 78 52 0 0 0 0 0 0 1 45 80 44 4 61 72 0 0 90 73 28 0 0 0 0 0 0 0 14 85 88 66 0 0 0 91 47 12 14 16 11 23 54 66 79
39 41 0 12 36 52 29 0 0 12 62 21 0 0 0 0 39 13 2 34 56 44 10 30 4 0 0 24 40 67 89 79 71 0 0 0 0 0 0 0 26 76 7 59 91 79 87 71 91 87 81 74 48 10 0 0 0 0 0 0 43 85 83 37 22 68 30 0 10 91 47 18 0 0 0 0 0 0 0 0 49 94 76 14 0 0 86 10 11 20 59 65 86 88 87 70
0 10 0 0 0 11 58 34 0 0 0 0 0 0 70 10 48 10 5 31 50 35 6 49 12 0 15 60 84 71 61 0 0 0 0 0 0 0 0 0 84 85 88 68 51 64 88 86 84 74 73 71 14 0 0 0 0 0 0 0 16 80 76 59 54 67 2 0 75 83 48 18 0 0 0 0 0 0 0 0 0 72 44 0 0 0 82 20 29 58 87 85 70 21 38 14
0 0 0 0 0 0 30 61 68 67 0 0 0 7 16 32 43 16 0 0 2 26 11 56 48 16 49 83 62 0 0 0 0 0 0 19 32 72 0 0 80 69 56 69 8 40 68 84 67 73 73 58 12 0 0 0 0 0 22 0 12 80 76 53 59 68 0 0 89 62 29 1 0 0 0 0 0 0 0 0 0 0 0 0 0 0 64 76 74 90 63 30 35 0 0 0
0 0 7 0 0 0 0 5 33 73 0 0 0 64 7 58 58 6 0 0 0 40 45 63 54 71 80 68 0 0 0 0 0 63 83 85 91 88 0 0 46 81 5 16 0 11 44 60 52 67 69 39 3 0 0 0 0 0 79 76 0 60 84 46 71 49 0 29 85 66 13 0 0 0 0 0 0 0 0 0 0 0 0 0 0 0 3 72 77 24 0 0 0 0 0 0
0 0 21 35 0 0 0 9 29 55 0 0 16 69 1 40 41 0 0 5 3 50 71 59 0 10 57 69 0 0 0 0 72 88 54 56 78 65 8 0 47 68 2 0 0 26 51 50 59 74 78 15 0 0 0 0 0 50 88 81 71 57 82 54 77 11 0 50 70 64 0 0 0 0 0 0 0 0 74 72 0 0 0 0 0 0 0 0 0 0 0 0 0 0 0 0
0 0 0 38 47 9 0 19 27 36 0 0 64 36 0 9 26 0 7 20 67 67 28 0 0 0 0 0 0 0 0 0 22 79 50 16 44 70 64 16 0 79 38 0 3 15 48 70 87 76 33 0 0 0 10 0 0 53 91 72 83 84 56 66 52 0 47 56 73 83 20 0 6 49 78 11 0 0 33 75 28 18 0 0 0 0 0 0 0 0 0 0 0 0 0 0
0 0 0 16 42 42 28 48 52 5 0 0 33 62 1 0 8 17 61 54 70 28 0 0 0 0 0 0 26 18 0 0 25 82 41 0 20 45 36 60 0 5 77 8 25 42 55 85 74 17 0 0 4 50 86 0 0 0 79 79 45 38 56 72 23 42 81 81 67 40 79 70 80 79 65 39 0 0 78 90 84 87 64 2 0 0 0 0 0 0 0 0 0 40 23 0
39 8 0 4 28 49 0 0 0 0 0 0 55 37 20 51 60 64 64 69 72 3 11 69 74 26 86 73 89 79 0 0 80 87 46 0 1 7 18 39 22 0 72 6 3 26 34 50 56 0 0 14 90 83 75 30 0 2 90 36 2 21 65 62 19 71 46 53 64 0 16 48 56 66 61 0 0 0 65 73 81 69 76 41 0 0 0 0 23 20 51 68 29 90 75 88
44 41 28 35 40 19 5 21 39 73 0 52 43 50 64 68 48 67 62 44 7 59 77 61 52 64 70 76 53 76 0 20 67 76 38 0 5 23 26 40 44 53 76 6 3 50 61 51 29 0 65 71 77 38 47 88 0 67 80 59 4 22 56 57 60 71 14 29 28 3 25 56 57 62 10 0 0 0 36 91 60 68 79 66 10 0 0 0 82 90 88 84 90 90 93 92
18 51 31 28 6 42 68 43 31 46 0 13 54 57 71 20 6 62 50 60 53 45 35 53 51 70 51 52 32 70 4 42 80 52 39 3 7 20 13 6 9 22 65 14 10 36 60 20 24 2 90 36 35 5 26 84 0 65 80 76 28 34 61 38 56 11 0 6 10 28 48 50 65 21 0 0 0 0 71 91 41 55 80 84 52 0 0 0 72 75 48 28 58 34 65 87
25 44 32 39 23 7 0 4 28 30 0 0 0 38 68 3 14 54 56 47 65 13 6 47 59 40 16 24 55 42 18 68 70 28 15 0 0 2 0 0 0 0 21 31 17 53 58 61 63 55 68 8 0 0 44 49 0 36 62 24 6 38 60 22 54 0 0 18 31 45 51 48 49 0 0 0 0 51 76 61 16 33 36 55 74 0 0 0 21 89 41 0 0 3 12 38
10 0 0 0 0 4 7 35 48 0 0 27 63 68 69 41 0 16 46 46 63 18 18 55 64 17 0 21 59 25 43 58 11 0 0 0 0 0 0 0 0 2 31 30 18 44 50 45 52 45 50 0 0 36 61 0 0 40 82 26 9 40 57 23 59 0 0 32 44 55 49 61 64 9 0 0 0 67 55 36 14 23 39 67 66 0 0 0 0 68 82 12 0 0 0 9
0 0 0 2 3 33 45 21 0 0 57 76 58 59 62 72 24 19 52 35 68 18 5 52 41 0 0 33 37 53 52 55 0 0 0 0 0 26 7 8 13 37 38 15 0 29 40 61 42 61 0 0 33 67 39 0 0 68 76 65 33 37 60 32 55 19 2 15 26 30 46 62 80 47 0 0 0 80 80 24 0 24 62 85 55 17 0 0 0 13 90 41 27 4 0 0
0 2 26 38 47 35 4 10 43 22 70 40 3 5 42 71 65 24 46 10 47 25 3 46 8 0 1 47 40 38 60 44 14 0 0 0 14 52 11 0 0 25 49 3 0 0 22 52 64 31 0 15 50 80 32 15 46 61 64 57 20 31 51 60 63 20 0 4 9 24 35 45 76 48 0 0 0 89 48 45 2 27 66 89 89 59 0 0 0 0 78 87 81 38 26 11
6 23 39 45 0 9 50 63 68 50 43 1 0 0 10 52 73 29 24 0 20 16 0 18 0 0 37 62 55 22 36 43 51 28 12 0 13 58 38 12 28 45 54 33 0 0 6 28 33 0 0 20 75 74 74 90 90 38 68 32 16 38 58 58 37 1 0 7 22 47 55 66 66 65 0 0 43 69 18 27 13 37 48 41 66 70 0 0 0 0 11 70 71 88 72 39
36 52 57 18 8 69 45 36 64 65 53 7 0 0 35 60 68 44 12 0 3 1 0 2 10 34 52 57 35 0 3 43 36 31 6 0 52 33 43 52 60 64 69 68 31 0 0 3 4 0 13 67 74 89 78 52 64 37 70 20 7 22 43 38 17 3 0 1 26 72 79 71 64 68 0 0 47 90 74 43 14 19 14 19 59 49 18 63 34 0 0 21 78 84 48 45
51 53 53 33 66 42 20 33 66 43 24 19 0 0 14 51 36 13 3 0 3 0 0 0 14 51 55 59 15 0 0 20 0 10 14 18 76 21 17 76 80 68 78 67 14 0 0 3 5 10 54 76 80 58 24 21 61 59 72 29 3 10 20 29 43 48 30 12 74 39 0 0 5 17 0 0 0 82 57 35 12 0 11 45 47 46 68 91 88 8 0 41 84 58 22 30
21 34 53 60 68 22 14 42 72 54 17 12 0 0 2 31 15 46 26 1 2 0 3 0 8 48 43 63 8 0 0 2 6 42 70 80 90 1 0 73 53 24 82 25 0 1 40 54 57 60 58 56 44 21 6 24 58 60 28 18 25 35 34 30 51 63 77 76 32 0 0 33 0 16 59 24 0 75 60 11 2 1 32 57 42 62 78 48 90 42 0 66 82 30 1 0
17 43 66 70 57 11 32 51 63 47 16 37 34 16 14 51 73 77 32 18 39 34 26 38 43 60 61 69 52 1 7 33 56 83 74 32 21 0 0 27 68 74 64 18 0 10 53 36 46 55 58 15 7 8 25 48 43 32 24 48 61 79 78 74 72 64 9 0 0 40 82 85 68 81 80 36 0 74 76 42 18 15 47 65 48 72 21 26 84 61 0 75 68 21 0 0
31 50 43 40 53 9 38 32 42 57 55 60 39 42 71 76 81 71 64 68 75 45 22 17 45 35 53 74 89 77 59 62 71 81 84 53 30 0 0 66 81 47 28 24 0 21 33 1 8 28 52 10 0 0 17 13 36 60 63 78 55 40 43 48 11 0 0 0 64 88 58 45 52 42 46 66 22 78 36 25 24 32 58 48 60 59 0 0 35 85 0 76 72 34 3 0
11 2 1 19 44 5 15 5 26 66 76 68 76 92 84 39 94 78 79 72 77 78 75 64 47 21 45 86 77 89 82 73 71 90 85 64 78 0 0 36 73 53 9 3 0 21 10 0 0 19 53 8 0 0 0 6 50 64 76 70 16 0 8 33 63 74 86 71 90 56 20 36 54 12 36 66 45 48 3 0 9 21 36 18 48 35 0 1 54 82 2 68 80 47 1 0
3 0 0 3 9 3 9 39 46 75 48 46 36 26 0 37 94 88 82 92 92 73 71 62 54 48 56 69 89 71 71 82 80 81 31 0 0 0 0 22 83 76 29 0 0 22 0 0 3 47 38 6 0 0 0 32 50 17 46 71 87 60 70 48 38 67 77 74 73 31 8 34 34 2 51 56 19 83 20 7 2 13 16 19 38 0 0 33 84 59 2 37 83 57 18 0
0 0 0 6 23 44 51 70 89 66 0 0 0 0 0 25 60 57 24 78 86 92 74 37 29 28 31 39 66 86 78 53 32 14 0 0 0 0 0 0 76 68 66 14 0 19 0 0 6 41 18 0 5 26 22 1 10 55 80 77 44 78 73 12 35 55 62 73 63 21 0 16 4 7 62 78 46 43 88 79 47 17 10 13 5 0 18 63 79 87 35 34 89 67 30 0
2 0 0 21 48 70 66 30 0 0 0 0 0 0 0 0 0 0 0 0 0 14 66 81 53 46 39 46 33 44 74 75 30 16 23 14 0 0 0 0 88 63 68 17 0 5 0 0 0 0 0 1 27 12 5 46 65 66 36 35 11 46 71 40 28 40 36 65 59 13 0 0 0 26 65 61 76 64 34 89 80 34 14 1 1 25 50 70 58 64 74 28 87 67 32 3
