models/BlackGrouse/Inputs/BlackGrouse_SDMpredictions2060.asc
NCOLS 349 
NROWS 221 
XLLCORNER 485000 
YLLCORNER 75000 
CELLSIZE 1000 
NODATA_value -1 
[rows 140 to 209 of 221, columns 96 to 191 of 349]
0 20 46 42 49 33 0 31 49 39 32 23 0 0 0 0 0 8 44 49 33 1 30 0 37 60 62 56 59 25 0 0 0 0 0 0 0 0 74 68 49 0 0 0 48 62 49 39 46 49 67 49 32 0 0 35 44 29 2 1 1 0 0 0 0 0 0 0 0 0 0 0 0 13 24 16 0 2 19 26 24 42 54 48 42 34 52 72 72 34 57 52 26 4 0 22
0 33 43 27 32 40 38 42 34 9 9 7 0 0 0 0 0 30 50 54 53 44 49 5 14 56 64 62 54 1 0 0 0 0 38 0 0 0 74 59 70 40 20 12 23 62 54 38 56 51 43 24 0 0 0 20 46 0 0 0 0 0 0 0 0 0 0 0 0 0 0 0 0 7 8 0 3 9 28 35 40 42 37 23 40 59 71 65 18 2 52 72 40 18 35 10
8 30 32 8 0 42 39 41 26 0 0 0 0 0 0 0 9 42 58 54 51 50 63 34 6 39 59 58 28 0 0 0 0 53 70 0 0 0 47 74 63 61 66 69 42 36 64 42 53 40 30 30 31 26 0 6 58 6 1 0 0 0 1 0 1 1 0 0 0 0 0 0 5 3 0 3 6 13 13 12 10 14 20 41 61 75 67 26 0 0 32 49 63 52 57 6
25 8 29 7 0 35 40 10 0 0 0 0 0 0 0 0 0 29 50 23 12 25 55 56 44 53 65 41 2 0 0 0 25 73 72 25 0 0 34 59 55 54 64 62 60 42 63 40 36 35 50 66 52 32 0 40 52 23 4 0 0 0 6 6 4 0 3 0 0 4 4 0 0 0 0 0 0 0 2 28 14 38 48 68 73 69 16 0 14 53 63 64 58 50 38 31
0 0 30 6 0 42 23 0 0 0 0 0 26 5 0 0 0 0 3 0 36 26 30 55 65 61 56 13 0 0 0 0 38 64 72 42 0 0 44 66 50 55 50 49 50 60 60 46 17 43 36 48 45 26 11 60 28 0 0 0 0 0 0 10 10 3 3 2 0 2 0 3 0 0 0 0 0 0 8 42 61 64 70 74 43 6 0 0 51 73 62 71 69 60 55 49
0 0 24 0 0 21 0 0 0 0 25 21 53 19 0 0 0 0 0 13 42 53 64 60 61 63 37 18 0 0 0 6 49 63 64 48 0 0 31 60 59 48 59 46 18 30 46 45 13 28 33 57 54 55 61 42 0 0 0 0 1 0 0 7 21 22 0 2 0 0 3 1 2 8 0 0 0 0 0 50 61 68 71 16 0 0 0 35 62 56 35 29 46 38 52 59
0 0 0 0 0 0 0 0 0 17 41 32 48 16 0 0 0 0 0 0 36 54 54 60 67 47 50 16 0 0 0 42 60 64 61 10 0 0 0 22 10 4 58 27 5 6 3 15 25 31 38 48 57 59 44 0 0 0 0 0 1 3 5 8 24 25 27 0 0 0 0 0 1 21 0 0 0 23 45 47 78 29 17 0 0 2 47 51 45 60 58 12 14 36 57 59
0 0 0 0 0 0 0 0 2 39 36 39 41 31 0 0 0 0 0 6 37 52 53 65 31 4 0 0 0 0 0 44 63 64 60 0 0 0 25 52 58 52 55 14 4 3 11 18 13 17 10 24 34 19 3 1 1 0 0 1 0 1 0 1 8 31 41 9 0 0 0 0 18 39 0 10 42 26 63 74 72 2 0 0 17 76 78 65 68 54 62 48 32 45 53 61
0 0 0 0 0 0 0 0 0 0 0 0 0 31 26 39 13 0 0 0 44 62 67 50 22 26 0 0 0 6 10 59 53 65 32 0 0 55 75 54 36 34 32 6 11 31 27 20 11 4 5 4 4 4 2 4 2 1 1 0 0 2 0 0 0 17 50 34 2 0 0 1 42 40 0 24 64 67 74 45 7 0 0 27 66 72 50 43 53 63 64 56 48 64 69 65
0 2 1 6 0 0 0 0 0 0 0 20 12 35 49 38 38 0 0 0 0 44 66 58 45 36 0 16 0 43 66 47 46 36 8 0 17 77 48 30 11 5 9 24 43 41 20 7 4 3 4 8 2 28 26 8 5 5 0 0 0 0 0 0 0 0 44 58 30 0 10 50 50 44 0 25 62 53 51 1 0 0 22 76 65 56 38 50 63 63 64 54 62 54 66 67
48 58 41 0 0 0 0 0 0 0 13 47 47 10 64 46 48 0 0 0 0 16 54 65 34 27 25 22 0 52 48 35 64 20 60 39 0 30 63 78 58 12 49 48 52 26 5 4 4 12 23 46 15 44 47 33 33 10 2 0 0 0 0 0 0 0 20 42 40 0 21 57 46 51 29 54 72 43 8 0 0 0 46 70 60 68 30 37 56 49 57 55 46 61 65 0
53 47 26 0 0 0 0 0 0 0 54 48 62 18 61 54 26 0 0 0 0 17 47 44 23 45 50 43 18 59 62 54 53 48 51 52 63 35 32 26 53 80 51 48 43 4 4 8 24 38 23 57 41 53 69 55 33 0 0 0 0 0 0 0 15 0 9 44 41 12 48 65 26 67 57 73 52 7 0 0 28 69 47 76 49 48 21 31 45 60 59 53 28 0 0 0
53 30 18 0 0 0 0 8 0 0 73 63 62 40 60 47 21 0 0 0 0 0 43 62 61 57 59 70 59 63 51 56 55 59 45 69 42 46 62 77 32 40 38 51 13 4 23 47 33 53 64 68 68 55 58 42 5 0 0 0 17 0 0 0 0 30 42 51 50 41 59 64 10 34 73 59 10 0 0 30 68 65 58 66 47 28 13 15 37 63 0 0 0 0 0 0
54 44 22 2 0 0 0 30 0 0 15 56 60 50 61 35 38 37 0 0 0 0 13 46 56 58 62 64 57 76 53 49 59 56 69 56 15 3 15 42 64 68 45 23 14 25 47 66 77 70 53 48 61 60 41 7 4 12 0 14 21 0 0 0 0 32 53 53 45 38 61 66 0 0 0 7 0 0 27 77 70 63 83 60 60 0 0 2 46 0 0 0 0 0 0 0
49 60 44 53 41 0 0 7 17 0 0 7 40 52 61 38 46 31 0 0 0 0 0 21 52 61 54 58 60 53 35 41 55 58 42 43 8 0 2 23 45 22 10 30 50 60 78 67 38 41 51 55 47 10 0 0 4 18 13 33 31 0 0 0 21 52 50 55 37 38 71 44 0 0 0 0 2 38 74 82 62 47 54 68 56 3 0 14 0 0 0 0 0 0 0 0
44 76 50 36 19 0 0 0 29 0 0 0 24 39 62 47 42 19 0 0 35 2 0 33 62 49 34 23 29 30 24 39 58 54 23 6 13 5 2 18 30 32 41 57 21 76 36 16 37 70 56 31 1 0 0 0 1 2 14 16 38 37 20 49 55 54 49 53 39 56 72 20 0 0 0 0 39 89 87 60 60 37 11 25 24 8 0 0 0 0 0 0 0 0 0 0
42 64 26 11 0 0 0 1 28 0 0 0 33 46 62 48 40 39 20 4 48 56 35 57 47 26 3 15 19 27 42 44 57 50 28 22 50 52 37 16 46 57 68 65 16 0 0 39 67 56 11 0 0 0 0 0 0 0 0 1 14 46 60 55 52 56 62 60 67 80 45 0 0 0 0 22 88 82 79 81 55 26 13 16 4 3 13 0 0 0 0 0 0 0 0 0
43 43 0 39 28 0 0 0 40 26 0 0 52 64 65 49 63 48 34 28 64 52 62 57 44 14 0 18 34 47 55 48 58 69 70 70 61 62 32 28 46 63 62 2 0 0 35 77 55 9 0 1 0 0 0 0 0 0 0 17 31 60 42 34 53 82 66 63 69 44 2 0 0 0 39 56 84 79 78 61 66 64 61 60 42 33 20 0 0 0 0 0 0 0 0 0
46 26 29 47 33 0 0 10 53 40 23 21 54 62 62 70 56 51 54 65 49 39 38 41 34 26 17 9 24 32 38 36 42 14 42 52 72 40 20 32 49 64 52 0 23 64 78 46 8 0 0 3 7 41 7 6 43 0 48 64 68 62 19 49 67 64 40 37 19 3 0 0 0 0 12 84 87 81 66 72 75 74 80 67 59 41 9 0 0 0 0 0 0 0 0 0
58 33 37 37 0 0 0 20 62 70 50 43 57 59 48 52 51 51 48 49 37 25 28 30 26 27 15 10 14 15 23 38 16 0 26 65 52 22 32 27 40 64 49 0 81 75 24 3 10 20 2 0 11 48 28 8 56 11 67 70 75 59 20 68 39 32 9 2 0 0 0 0 0 0 30 84 92 86 83 87 87 84 82 82 71 50 44 0 0 0 0 0 0 0 0 0
57 46 35 0 0 1 18 28 68 49 62 56 49 47 39 32 42 51 47 34 33 37 26 25 25 29 34 39 24 23 42 50 0 0 60 62 35 46 48 26 46 62 42 0 76 37 6 4 18 49 30 6 58 54 28 7 51 62 69 65 48 28 18 52 9 0 0 0 0 0 0 0 37 0 12 64 44 28 30 56 81 78 64 61 67 83 0 0 0 0 0 0 0 0 0 0
39 37 6 0 18 64 62 59 64 48 63 62 38 20 20 39 55 57 43 40 38 37 34 26 13 51 58 49 42 33 56 24 0 29 62 66 48 59 56 33 30 63 54 0 73 40 26 18 30 46 29 27 31 62 11 4 51 72 76 40 0 7 22 43 3 0 0 0 0 0 0 55 88 80 2 0 9 57 67 68 74 45 43 0 0 0 0 0 0 0 0 0 0 0 0 0
0 15 24 33 46 50 57 58 50 37 48 38 19 2 23 32 51 34 45 55 60 55 52 44 45 55 59 65 65 52 60 22 0 7 50 63 61 63 58 44 48 76 48 0 62 53 37 41 56 57 38 22 22 59 60 14 56 49 74 39 0 4 25 8 0 0 0 0 39 67 51 86 67 83 70 6 56 88 86 78 67 56 54 0 0 0 0 0 0 0 0 0 0 0 0 0
34 64 69 70 56 46 57 64 53 27 27 33 11 18 33 33 39 61 49 40 63 58 60 56 57 64 57 46 58 65 59 39 0 0 10 57 67 66 69 74 76 73 4 0 68 65 76 74 57 54 60 50 21 55 77 28 63 32 64 52 0 0 0 0 0 0 3 26 71 65 63 62 85 84 71 20 59 87 60 58 57 62 57 0 0 0 0 0 0 0 0 0 0 0 0 0
64 49 38 59 51 40 57 63 53 36 37 38 39 26 31 38 58 64 46 0 35 67 64 64 52 45 34 0 11 36 21 33 0 0 0 30 50 26 46 58 49 46 0 0 61 62 52 52 31 45 73 68 17 38 78 68 70 22 63 39 0 0 0 0 0 8 15 71 74 35 57 74 80 90 83 54 58 79 53 33 0 0 0 0 0 0 0 0 0 0 0 0 0 0 0 0
48 31 27 45 46 55 54 55 54 45 41 45 44 42 36 41 57 69 45 0 34 66 58 27 0 0 0 0 0 0 0 0 0 0 0 0 0 0 0 0 0 4 0 0 0 4 13 11 10 20 22 19 9 11 48 58 58 16 12 0 0 0 0 0 0 12 71 67 58 48 64 69 76 73 76 75 76 72 36 35 0 0 0 0 0 0 0 0 0 0 0 0 0 0 0 0
39 25 29 32 40 45 52 53 52 64 62 58 50 54 53 56 64 48 0 0 4 16 0 0 0 0 0 0 0 0 0 0 0 0 0 0 0 0 0 0 0 0 0 0 0 0 0 0 0 0 0 0 1 5 13 20 6 0 0 0 0 0 0 0 0 9 68 67 75 64 61 56 53 55 67 56 50 58 42 0 0 0 0 0 0 0 0 0 0 0 0 0 0 0 0 67
17 40 43 44 46 52 54 56 48 49 48 58 48 50 55 53 43 0 0 0 0 0 0 0 0 0 0 0 0 0 0 0 0 0 0 0 0 0 0 0 0 0 0 0 0 0 0 0 0 0 0 0 0 0 0 0 0 0 0 0 0 0 0 0 0 21 49 66 71 75 66 58 40 42 69 45 16 41 59 0 0 0 0 0 0 0 0 0 0 0 0 0 0 0 0 74
38 48 46 56 53 56 54 56 57 15 0 62 53 45 47 0 0 0 0 0 0 0 0 0 0 0 0 0 0 0 0 0 0 0 0 0 0 0 0 0 0 0 0 0 0 0 0 0 0 0 0 0 0 0 0 0 0 0 0 0 0 0 0 0 0 0 5 31 54 80 59 42 36 50 55 49 40 0 0 0 0 0 0 0 0 0 0 0 0 0 0 0 0 0 0 68
52 28 6 22 51 58 57 57 62 16 0 51 57 32 16 0 0 0 0 0 0 0 0 0 0 0 0 0 0 0 0 0 0 0 0 0 0 0 0 0 0 0 0 0 0 0 0 0 0 0 0 0 0 0 0 0 0 0 0 0 47 47 0 0 0 0 27 45 59 80 57 47 0 0 0 0 0 0 0 0 0 0 0 0 0 0 0 0 0 0 0 0 0 0 0 81
56 12 0 0 56 53 57 61 32 0 0 38 30 0 0 0 0 0 0 0 0 0 0 0 0 0 0 0 0 0 0 10 0 0 0 0 0 0 0 0 0 42 52 42 4 0 0 0 0 0 0 0 0 0 0 0 10 24 0 39 80 63 38 0 0 39 71 90 83 77 53 70 0 0 0 0 0 0 0 0 0 0 0 0 0 0 0 0 0 0 0 0 0 0 0 0
59 37 42 0 35 63 59 49 0 0 0 0 0 0 0 0 0 0 0 0 0 0 0 0 0 0 0 0 0 0 40 47 39 24 68 52 45 69 18 0 31 82 79 78 37 5 0 0 0 0 0 0 0 0 0 0 66 74 0 47 69 63 46 50 17 56 91 69 38 43 70 0 0 0 0 0 0 0 0 0 0 0 0 0 0 0 0 0 0 0 0 0 0 0 0 0
46 61 64 0 18 60 51 0 0 0 0 0 0 0 0 0 0 0 0 0 0 0 0 0 0 0 0 0 0 0 41 76 66 79 76 70 72 78 69 0 29 77 41 77 70 43 63 35 13 34 35 0 0 0 0 0 52 82 40 71 47 54 66 72 69 70 76 42 19 0 0 0 0 0 0 0 0 0 0 0 0 0 0 0 0 0 0 0 0 0 0 0 0 0 0 0
64 58 58 0 0 52 18 0 0 0 0 0 0 0 0 0 0 0 0 0 0 0 0 0 0 0 0 0 0 0 42 64 62 55 46 46 32 48 83 23 39 76 27 55 80 83 80 80 68 79 65 0 0 0 0 4 56 83 47 75 56 55 57 64 56 64 76 51 23 8 7 0 0 0 0 0 0 0 0 0 0 0 0 0 0 0 0 0 0 0 0 0 0 0 0 0
46 53 60 0 0 0 0 0 0 0 0 0 0 0 0 0 0 0 0 0 0 0 0 0 0 0 0 0 0 0 0 51 76 48 33 24 28 53 75 49 65 68 27 43 70 65 32 61 86 48 32 0 0 0 0 0 58 73 53 70 66 56 61 49 62 79 65 43 3 0 0 59 0 0 0 0 0 0 0 0 0 0 0 0 0 0 0 0 0 0 0 0 0 0 0 0
40 44 54 10 0 0 0 0 0 0 0 0 0 0 0 0 0 0 0 0 0 0 0 0 0 52 34 19 0 0 0 68 67 55 43 20 30 36 56 65 66 55 13 35 45 36 19 48 74 34 0 0 0 0 12 6 72 68 71 70 57 65 59 45 65 60 34 43 1 9 17 50 62 0 0 0 0 0 0 0 0 0 0 0 0 0 0 0 0 0 0 0 0 0 0 0
44 44 39 0 0 0 0 0 0 0 0 0 0 0 0 0 0 0 0 0 0 32 50 3 0 76 84 40 0 0 0 44 78 75 53 32 22 34 66 65 68 58 22 18 36 33 48 65 53 15 0 0 0 0 25 73 78 54 81 66 63 73 57 44 55 64 73 65 28 59 65 63 63 70 0 0 0 0 0 0 0 0 0 0 0 0 0 0 0 0 0 0 0 0 0 0
0 0 0 0 0 0 0 0 0 0 0 0 0 0 0 0 0 0 0 27 40 69 84 56 33 84 65 70 0 0 0 0 48 83 54 45 32 45 76 50 72 55 32 12 26 34 56 50 21 0 0 0 0 0 10 79 68 36 57 76 54 57 68 60 36 36 82 79 48 78 87 88 88 86 0 0 0 0 0 0 0 0 0 0 0 0 0 0 0 0 0 0 0 0 0 0
0 0 0 0 0 0 0 0 0 0 0 0 0 0 0 0 0 0 0 31 79 79 67 73 54 79 55 81 37 0 0 5 70 81 54 35 30 56 79 52 82 46 21 15 32 40 57 27 0 0 0 35 45 0 7 74 88 29 39 59 54 42 54 67 75 15 59 90 72 84 48 48 50 60 16 0 0 0 0 0 0 0 0 0 0 0 0 0 0 0 0 0 0 0 0 0
0 0 0 0 0 0 0 0 0 0 0 0 0 0 0 0 0 0 0 18 50 84 62 58 68 55 48 69 67 0 0 9 84 58 50 26 23 61 70 68 59 29 12 19 22 46 57 8 0 0 0 76 90 7 0 56 90 24 9 28 39 14 44 72 78 40 16 51 85 83 9 2 0 0 0 0 0 0 0 0 0 0 0 0 0 0 0 0 0 0 0 0 0 0 0 0
0 0 0 0 0 0 0 0 0 0 0 0 13 24 21 0 0 0 0 0 30 76 64 57 64 43 41 62 65 0 0 3 81 53 51 29 27 62 66 85 39 11 9 30 32 56 36 0 0 0 28 89 75 50 0 49 90 38 22 20 11 0 36 72 73 65 36 0 15 24 23 44 0 0 6 14 0 0 0 0 0 0 0 0 0 0 0 0 0 0 0 0 0 0 0 0
0 0 0 0 0 0 0 0 0 0 0 0 40 72 46 0 0 0 0 0 54 86 53 52 50 31 50 70 55 0 0 0 55 72 52 27 22 57 69 78 31 5 8 15 18 55 2 0 0 16 82 52 53 71 14 26 91 59 39 19 4 0 2 31 60 76 81 5 0 39 69 53 0 35 82 87 0 0 0 0 0 0 0 0 0 0 0 0 0 0 0 0 0 0 0 0
0 0 0 0 0 0 0 0 0 0 0 3 40 76 45 0 0 0 0 0 45 85 52 40 33 26 45 73 45 0 15 0 24 84 53 29 10 39 72 56 21 2 4 4 33 43 0 0 10 53 62 14 44 72 48 7 69 71 37 25 9 0 0 0 19 64 77 19 49 69 56 2 16 70 84 0 0 0 0 0 0 0 0 0 0 0 0 0 0 0 0 0 0 0 0 0
0 0 0 0 0 22 51 53 31 0 2 55 76 79 41 0 0 0 0 0 13 83 64 42 22 21 29 68 44 64 82 36 0 69 59 37 11 27 58 41 17 1 7 13 49 22 0 4 79 78 52 8 42 57 78 40 31 90 59 33 0 0 0 1 32 69 60 37 82 82 18 0 52 74 80 0 0 0 0 0 0 0 0 0 0 0 0 0 0 0 0 0 0 0 0 0
0 0 0 0 0 5 58 74 68 0 36 82 70 72 34 0 0 0 0 0 0 44 80 61 47 35 50 53 65 72 52 73 27 46 55 22 4 24 52 37 5 0 0 12 53 8 0 31 79 73 45 4 14 17 30 68 20 68 78 27 7 1 0 0 55 79 46 63 86 83 19 41 82 73 76 0 0 0 0 0 0 0 0 0 0 0 0 0 0 0 0 0 0 0 0 0
0 0 0 0 0 0 42 70 74 12 54 73 58 72 38 0 31 71 40 0 0 1 70 71 41 28 37 38 66 70 41 66 49 18 84 30 2 7 28 15 6 2 0 6 46 15 0 78 36 34 32 0 0 0 25 70 25 48 91 45 35 7 0 7 60 69 84 86 76 78 21 80 78 84 78 0 0 0 0 0 0 0 0 0 0 0 0 0 0 0 0 0 0 0 0 0
0 0 32 0 0 33 45 75 74 35 75 59 52 74 44 0 53 79 83 33 0 0 52 73 49 14 28 40 60 70 34 59 65 0 64 40 6 6 5 0 3 0 0 1 51 11 0 78 20 0 5 0 0 0 24 61 28 22 79 70 42 5 0 0 33 47 66 63 60 68 69 81 72 73 0 0 0 0 0 0 0 0 0 0 0 0 0 0 0 0 0 0 0 0 0 0
19 80 65 54 37 74 66 62 74 41 82 45 43 72 46 11 54 70 56 70 36 0 14 56 65 49 32 59 68 69 19 36 73 0 51 54 11 3 0 0 0 0 0 0 43 26 0 85 21 0 0 0 0 0 1 50 44 0 71 76 35 0 0 0 8 11 41 50 81 63 82 80 0 0 0 0 0 0 0 0 0 0 0 0 0 0 0 0 0 0 0 0 0 0 0 0
74 72 58 59 72 80 56 60 70 53 73 42 30 60 68 13 67 58 49 74 52 4 0 2 69 72 40 38 62 66 24 11 59 24 65 56 35 7 0 0 0 0 0 1 47 8 17 80 30 0 0 0 0 0 9 45 46 0 70 62 20 0 2 0 1 13 55 68 76 74 77 88 0 0 0 0 0 0 0 0 0 0 0 0 0 0 0 0 0 0 0 0 0 0 0 0
58 42 0 40 64 64 48 69 69 82 74 42 20 46 79 28 69 58 40 70 66 52 0 0 11 59 60 33 56 67 39 13 40 48 68 55 24 7 2 0 0 0 0 37 45 0 29 80 23 0 0 0 0 0 32 62 0 9 51 72 46 37 21 5 0 22 60 74 77 84 81 0 0 0 0 0 0 0 0 0 0 0 0 0 0 0 0 0 0 0 0 0 0 0 0 0
27 0 0 0 61 55 35 48 62 53 66 51 17 29 65 50 53 68 50 71 68 74 43 0 0 46 73 39 30 54 53 20 58 67 62 67 51 24 5 0 0 0 0 41 44 0 31 79 1 0 0 0 0 0 39 50 40 71 48 78 75 60 51 16 2 8 56 79 0 0 0 0 0 0 0 0 0 0 0 0 0 0 0 0 0 0 0 0 0 0 0 0 0 0 0 0
0 0 0 0 67 66 41 36 34 23 41 51 26 29 53 69 53 66 39 62 42 55 69 8 0 39 72 52 33 30 46 16 41 61 55 61 49 30 8 0 0 0 0 38 48 0 46 70 4 0 0 0 0 5 43 58 87 67 64 54 76 45 42 27 4 39 0 0 0 0 0 0 0 0 0 0 0 0 0 0 0 0 0 0 0 0 0 0 0 0 0 0 0 0 0 0
0 0 0 15 78 72 64 39 24 10 18 34 24 21 38 63 73 54 20 44 34 68 64 5 0 0 63 72 49 11 22 7 14 50 59 21 10 9 3 0 0 18 31 59 38 1 70 61 8 0 0 0 0 0 18 48 43 26 71 58 85 40 16 15 8 0 0 0 0 0 0 0 0 0 0 0 0 0 0 0 0 0 0 0 0 0 0 0 0 0 0 0 0 0 0 0
0 0 0 0 46 77 65 47 25 18 15 23 8 22 37 57 53 9 2 9 22 62 62 10 14 21 36 78 38 6 0 4 9 44 47 9 1 0 0 0 4 38 46 59 8 0 69 46 3 0 0 0 0 0 0 25 20 27 73 64 86 69 37 6 14 0 0 0 0 0 0 0 0 0 0 0 0 0 0 0 0 0 0 0 0 0 0 0 0 0 0 0 0 0 0 0
0 0 0 0 0 34 72 56 38 34 19 12 3 23 48 66 47 4 5 10 18 51 67 34 81 74 47 64 58 16 2 0 8 38 43 13 3 0 0 0 0 19 24 55 6 0 68 69 36 7 0 0 0 0 0 1 5 27 72 62 56 58 56 16 15 0 0 0 0 0 0 0 0 0 0 0 0 0 0 0 0 0 0 0 0 0 0 0 0 0 0 0 0 0 0 0
2 0 0 0 0 0 28 76 57 51 34 22 5 27 45 63 52 13 9 13 38 60 63 64 60 31 67 56 68 31 5 0 0 19 37 23 7 0 0 0 0 0 0 47 4 20 84 72 62 19 0 0 0 0 0 0 2 34 61 63 45 34 58 36 11 0 0 0 0 0 0 0 0 0 0 0 0 0 0 0 0 0 0 0 0 0 0 0 0 0 0 0 0 0 0 0
44 2 0 0 0 0 0 56 66 61 49 24 6 12 33 62 57 14 9 17 56 82 47 63 51 9 33 50 55 40 12 1 0 5 16 20 4 0 0 0 0 0 16 47 10 63 53 41 66 52 8 0 0 0 0 0 0 23 62 64 47 18 46 49 17 47 0 0 0 0 0 0 0 0 0 0 0 0 0 0 0 0 0 0 0 0 0 0 0 0 0 0 0 0 0 0
70 42 8 38 39 6 2 7 41 69 55 40 17 1 34 59 65 24 8 13 46 79 47 78 34 5 24 57 60 49 12 0 0 0 3 0 0 0 0 19 34 23 46 28 39 86 27 12 38 58 27 0 0 0 0 0 0 17 60 64 51 13 6 37 49 0 0 0 0 0 0 0 0 0 0 0 0 0 0 0 0 0 0 0 0 0 0 0 0 0 0 0 0 0 0 0
70 66 54 67 73 67 51 25 22 28 61 57 26 1 18 50 54 45 12 20 43 75 50 82 31 5 34 53 47 47 13 0 0 0 0 0 2 0 0 17 43 49 23 0 43 84 28 3 12 31 24 0 0 0 0 0 0 29 48 66 62 58 33 18 0 0 0 0 0 0 0 0 0 0 0 0 0 0 0 0 0 0 0 0 0 0 0 0 0 0 0 0 0 0 0 0
74 70 70 52 54 69 69 61 71 38 6 61 51 2 7 28 21 33 23 45 54 79 66 71 17 4 18 27 29 35 8 0 0 0 0 0 18 4 1 8 39 48 0 0 65 77 20 14 8 6 7 0 0 0 0 0 0 19 36 71 56 43 46 40 0 0 0 0 0 0 0 0 0 0 0 0 0 0 0 0 0 0 0 0 0 0 0 0 0 0 0 0 0 0 0 0
80 58 36 29 47 67 57 65 58 61 30 31 54 0 4 0 8 22 24 40 50 70 60 54 10 6 9 9 3 5 5 0 16 2 7 30 45 49 59 65 60 43 0 26 77 80 76 56 50 35 13 0 0 0 0 0 0 9 26 58 56 38 26 39 0 0 0 0 0 0 0 0 0 0 0 0 0 0 0 0 0 0 0 0 0 0 0 0 0 0 0 0 0 0 0 0
67 75 44 21 40 51 44 55 51 47 58 32 60 25 6 0 10 15 4 4 28 37 60 59 27 10 7 7 4 4 2 0 31 24 41 52 52 60 69 69 58 38 42 76 83 72 68 58 48 33 18 6 0 0 0 0 0 1 16 40 52 44 54 0 0 0 0 0 0 0 0 0 0 0 0 0 0 0 0 0 0 0 0 0 0 0 0 0 0 0 0 0 0 0 0 0
61 81 55 24 22 22 12 45 38 27 56 59 56 41 4 1 0 0 0 0 5 19 41 60 36 19 6 6 1 0 1 4 18 40 55 56 54 59 60 64 66 46 80 70 56 46 24 21 14 7 1 0 0 0 0 0 0 14 30 56 0 48 0 0 0 0 0 0 0 0 0 0 0 0 0 0 0 0 0 0 0 0 0 0 0 0 0 0 0 0 0 0 0 0 0 0
32 78 67 44 12 0 0 24 34 16 30 66 49 55 2 0 1 2 0 0 0 4 26 42 30 37 10 2 0 0 0 9 29 36 14 0 3 21 34 52 59 62 63 52 46 29 19 12 4 0 0 0 0 0 0 0 0 0 0 0 0 0 0 0 0 0 0 0 0 0 0 0 0 0 0 0 0 0 0 0 0 0 0 0 0 0 0 0 0 0 0 0 0 0 0 0
6 49 79 57 22 0 0 7 28 3 12 63 49 56 5 3 0 3 0 4 6 24 10 8 8 34 9 1 0 0 0 0 0 6 6 0 0 10 27 33 36 42 68 58 60 53 50 42 25 10 0 0 0 0 5 0 0 0 0 0 0 0 0 0 0 0 0 0 0 0 0 0 0 0 0 0 0 0 0 0 0 0 0 0 0 0 0 0 0 0 0 0 0 0 0 0
14 42 68 46 6 0 0 6 14 0 9 55 48 57 31 3 2 6 0 0 3 3 9 4 7 26 19 13 0 0 0 0 0 3 9 0 7 8 16 12 23 26 52 58 61 61 60 58 34 8 1 0 0 0 0 0 0 0 0 0 0 0 0 0 0 0 0 0 0 0 0 0 0 0 0 0 0 0 0 0 0 0 0 0 0 0 0 0 0 0 0 0 0 0 0 0
25 48 65 37 4 0 0 2 1 0 21 58 53 66 48 27 17 2 0 6 11 7 3 7 10 11 9 26 0 0 0 0 0 0 0 0 0 4 7 9 14 22 36 32 45 34 34 37 20 0 0 0 0 1 0 0 0 0 0 0 0 0 0 0 0 0 0 0 0 0 0 0 0 0 0 0 0 0 0 0 0 0 0 0 0 0 0 0 0 0 0 0 0 0 0 0
40 47 70 45 14 0 0 0 0 1 33 56 67 65 57 28 10 2 10 17 9 6 17 0 0 0 0 0 0 0 0 0 0 0 0 0 0 0 0 10 9 11 7 3 12 11 13 20 11 0 0 0 0 0 0 0 0 0 0 0 0 0 0 0 0 0 0 0 0 0 0 0 0 0 0 0 0 0 0 0 0 0 0 0 0 0 0 0 0 0 0 0 0 0 0 0
49 51 60 60 41 8 0 0 0 0 0 30 66 64 56 23 19 28 21 10 3 4 0 0 0 0 0 0 0 0 0 0 0 0 0 0 0 0 0 11 3 0 0 0 0 0 0 1 0 0 0 0 0 0 0 0 0 0 0 0 0 0 0 0 0 0 0 0 0 0 0 0 0 0 0 0 0 0 0 0 0 0 0 0 0 0 0 0 0 0 0 0 0 0 0 0
38 62 62 67 55 28 4 0 0 0 0 25 58 63 67 52 46 30 8 0 4 0 0 0 0 0 0 0 0 0 0 0 0 0 0 0 0 0 0 2 0 0 0 0 0 0 0 0 0 0 0 0 0 0 0 0 0 0 0 0 0 0 0 0 0 0 0 0 0 0 0 0 0 0 0 0 0 0 0 0 0 0 0 0 0 0 0 0 0 0 0 0 0 0 0 0
