models/BlackGrouse/Inputs/BlackGrouse_SDMpredictions2040.asc
NCOLS 349 
NROWS 221 
XLLCORNER 485000 
YLLCORNER 75000 
CELLSIZE 1000 
NODATA_value -1 
[rows 71 to 141 of 221, columns 192 to 287 of 349]
0 0 0 0 0 0 0 0 0 0 0 0 0 0 0 0 0 0 0 0 0 0 0 0 0 0 0 0 0 0 0 0 0 0 0 0 0 0 0 0 0 0 0 0 0 0 0 18 2 0 0 0 0 0 0 0 7 8 29 48 38 42 55 60 46 42 46 58 22 0 1 60 0 0 0 0 0 0 0 0 0 0 0 0 0 0 0 0 0 0 0 0 0 0 0 0
0 0 0 0 0 0 0 0 0 0 0 0 0 0 0 0 0 0 0 0 0 0 0 0 0 0 0 0 0 0 0 0 0 0 0 0 0 0 0 0 0 0 0 0 0 0 0 0 0 0 0 0 0 0 0 0 25 37 39 42 28 12 18 13 47 54 40 44 32 27 65 76 63 22 0 0 0 0 0 0 0 0 0 0 0 0 0 0 0 0 0 0 0 0 0 0
0 0 0 0 0 0 0 0 0 0 0 0 0 0 0 0 0 0 0 0 0 0 0 0 0 0 0 0 0 0 0 0 0 0 0 0 0 0 2 0 0 0 0 0 0 0 0 0 0 0 0 0 0 0 0 0 0 0 0 0 0 0 0 0 0 0 0 6 57 71 61 63 63 46 0 0 0 0 0 0 0 0 0 0 0 0 0 0 0 0 0 0 0 0 0 0
0 0 0 0 0 0 0 0 0 0 0 0 0 0 0 0 0 0 0 0 0 0 0 0 0 0 0 0 0 0 0 0 0 0 0 0 0 0 0 2 0 2 0 0 0 0 0 0 0 0 0 0 0 0 0 0 0 0 0 0 0 0 0 0 0 0 0 0 61 48 65 60 50 0 1 0 0 0 0 0 0 0 0 0 0 0 0 0 0 0 0 0 0 0 0 0
0 0 0 0 0 0 0 0 0 0 0 0 0 0 0 0 0 0 0 0 0 0 0 0 0 0 0 0 0 0 0 0 0 0 0 0 0 0 11 34 2 1 0 0 0 0 0 0 0 0 0 0 0 0 0 0 0 0 0 0 0 0 0 0 0 0 0 0 0 9 40 64 69 47 59 0 0 0 0 0 0 0 0 0 0 0 0 0 0 0 0 0 0 0 0 0
0 0 0 0 0 0 0 0 0 0 0 0 0 0 0 0 0 0 0 0 0 0 0 0 0 0 0 0 0 0 0 0 0 0 0 0 0 0 37 38 24 12 0 0 0 0 0 0 0 0 0 0 0 0 0 0 0 0 0 0 0 0 0 0 0 0 0 0 0 0 10 62 75 66 56 0 0 0 0 0 0 0 0 0 0 0 0 0 0 0 0 0 0 0 0 0
0 0 0 0 0 0 0 0 0 0 0 0 0 0 0 0 0 0 0 0 0 0 0 0 0 0 0 0 0 0 0 0 0 0 0 0 0 0 16 30 38 0 0 0 0 0 0 0 0 0 0 0 0 0 0 0 0 0 0 0 0 0 0 0 0 0 0 0 0 0 28 59 59 61 38 0 0 0 0 0 0 0 0 0 0 0 0 0 0 0 0 0 0 0 0 0
0 0 0 0 0 0 0 0 0 0 0 0 0 0 0 0 0 0 0 0 0 0 0 0 0 0 0 0 0 0 0 0 0 0 0 0 0 12 29 47 27 0 0 0 0 0 0 0 0 0 39 0 0 0 0 0 0 0 0 0 0 0 0 0 0 0 0 0 0 0 0 36 46 67 35 0 0 0 0 0 0 0 0 0 0 0 0 0 0 0 0 0 0 0 0 0
0 0 0 0 0 0 0 0 0 0 0 0 0 0 0 0 0 0 0 0 0 0 0 0 0 0 0 0 0 0 0 0 0 0 0 0 0 48 42 32 0 0 0 0 0 0 0 0 0 0 36 0 68 9 56 41 0 0 25 29 0 0 10 0 0 0 0 0 0 0 0 0 3 58 19 0 0 0 0 0 0 0 0 0 0 0 0 0 0 0 0 0 0 0 0 0
0 0 0 0 0 0 0 0 0 0 6 0 0 0 0 0 0 0 0 0 0 0 0 0 0 0 0 0 0 0 0 0 0 0 0 0 0 18 54 42 0 0 0 0 0 0 0 0 0 0 43 0 71 35 70 74 0 32 82 80 68 63 43 11 0 0 0 0 0 0 0 0 0 41 22 0 0 0 0 0 0 0 0 0 0 0 0 0 0 0 0 0 0 0 0 0
0 0 0 0 0 0 0 0 0 0 0 0 0 0 0 0 0 0 0 0 0 0 0 7 0 0 0 0 0 0 0 0 0 0 0 0 0 46 63 0 0 61 82 78 0 0 0 0 0 56 54 30 61 51 36 34 0 74 86 82 72 63 43 0 0 0 0 0 0 0 0 0 0 0 0 0 0 0 0 0 0 0 56 59 0 0 72 54 69 0 58 62 42 23 27 0
0 0 0 0 0 0 0 0 0 0 0 0 0 0 0 0 0 0 0 0 0 0 0 0 0 0 0 0 0 0 0 0 47 21 0 0 37 55 46 16 71 60 61 76 0 0 0 0 0 76 60 52 57 53 65 61 0 79 80 78 60 35 0 0 0 54 34 0 0 0 0 0 0 0 0 0 0 0 0 0 0 0 30 77 57 49 52 66 58 58 56 66 55 52 35 22
0 0 0 0 0 0 0 0 0 0 0 0 0 0 0 0 0 0 0 0 0 0 0 0 0 0 0 0 0 0 0 0 34 7 0 0 36 48 36 55 69 72 56 0 0 0 0 0 0 58 61 57 45 59 63 60 24 87 79 74 54 0 0 0 72 83 64 14 0 0 0 0 0 0 0 0 0 0 0 0 0 0 0 81 60 55 77 79 71 58 65 39 44 54 70 50
0 40 58 0 0 0 0 0 0 0 0 0 0 0 0 0 0 0 0 0 0 3 0 0 0 0 0 0 0 26 0 0 30 0 23 46 43 50 56 63 43 4 0 0 0 0 0 0 0 56 60 44 59 66 69 63 82 80 76 78 76 39 0 20 86 81 52 34 21 0 0 0 0 0 0 0 0 0 0 0 0 0 0 0 41 65 62 73 51 26 0 3 30 44 72 68
0 0 2 0 0 0 0 0 0 0 0 0 0 0 0 0 0 0 0 0 0 13 0 0 0 0 0 0 15 42 0 20 35 28 49 54 21 20 30 15 0 0 0 0 0 0 0 0 0 17 72 46 46 65 79 76 75 75 61 59 73 68 6 64 73 71 70 74 58 0 0 0 0 0 0 0 0 0 0 0 0 0 0 0 0 69 67 76 81 55 0 0 0 28 74 68
0 0 0 9 0 0 0 0 0 0 0 0 0 0 0 0 0 0 0 0 0 5 0 0 0 0 0 0 32 26 0 67 38 17 7 0 0 0 0 0 0 0 0 0 10 0 0 0 0 0 71 47 41 55 72 70 75 77 61 58 68 63 68 87 69 78 77 89 82 0 0 0 0 0 0 0 0 0 0 0 0 0 0 0 0 37 72 62 87 58 0 0 7 71 78 69
0 0 0 0 26 0 0 0 0 0 0 0 0 0 0 0 0 0 0 0 0 0 0 0 0 32 0 0 24 25 19 59 4 0 0 0 0 0 0 0 12 61 63 63 64 0 0 0 0 0 73 69 42 57 57 83 57 76 56 68 70 79 80 80 68 71 77 72 0 0 0 44 33 0 0 0 0 0 0 0 0 0 0 0 0 0 50 72 68 13 0 0 0 48 70 39
0 0 0 0 0 0 0 0 0 0 0 0 0 0 0 0 0 0 0 0 0 0 0 28 10 0 0 0 22 17 14 33 6 36 50 0 0 68 63 76 56 32 32 43 49 0 0 0 0 0 0 24 75 36 0 47 66 70 59 73 69 68 70 67 74 80 74 41 0 0 37 79 60 0 0 0 0 0 0 0 0 0 0 0 0 0 0 32 10 0 0 0 0 11 32 6
0 0 0 0 0 0 0 0 0 0 0 0 0 0 0 0 0 0 0 0 0 0 0 22 16 3 9 14 22 18 22 5 50 44 59 43 3 76 63 32 13 4 29 49 15 0 0 0 0 0 0 0 0 0 0 72 68 61 21 71 57 75 71 67 64 25 0 0 0 0 56 66 65 8 31 71 32 0 0 0 0 0 0 0 0 0 0 0 0 0 0 0 0 0 0 0
0 0 0 0 0 0 0 0 0 0 0 0 0 0 0 0 0 0 0 0 0 0 0 0 0 0 0 0 0 0 3 18 23 17 34 81 42 21 54 25 11 16 30 13 0 0 0 0 0 0 0 0 0 0 0 76 62 54 0 60 57 56 79 82 32 0 0 0 0 55 70 53 51 73 79 80 78 0 0 0 0 0 0 0 0 0 0 0 0 0 0 0 0 0 0 0
0 0 0 0 0 0 0 0 0 0 0 0 0 0 0 0 0 0 0 0 0 0 0 0 0 0 0 0 0 0 4 42 23 21 38 72 56 58 60 24 26 44 0 0 0 0 0 0 0 0 55 0 0 0 0 50 70 79 3 56 63 56 31 19 0 0 48 30 0 64 65 39 42 73 86 85 31 0 0 0 0 0 0 0 0 0 0 0 0 0 0 0 0 0 0 0
0 0 0 0 0 0 0 0 0 0 0 0 0 0 1 0 0 0 0 0 0 0 0 0 0 0 0 0 0 6 25 47 27 29 35 60 59 42 44 51 39 20 0 0 0 0 0 0 0 26 67 54 18 0 0 0 18 38 0 45 56 57 0 3 29 68 75 61 0 59 52 26 39 57 47 17 0 0 0 0 0 0 0 0 0 0 0 0 0 0 0 0 0 0 0 0
0 0 0 0 0 0 0 0 0 0 0 0 0 0 45 0 0 0 0 0 0 0 0 0 0 0 0 0 0 17 31 32 26 33 23 40 42 14 28 44 47 28 0 0 0 0 0 0 0 42 65 60 67 0 0 0 0 0 14 55 44 49 47 87 73 72 52 65 26 67 35 27 37 57 44 29 19 0 0 0 4 0 0 0 0 0 0 0 0 0 0 5 22 12 0 0
0 0 0 0 0 0 0 0 0 0 0 0 0 0 0 16 23 35 18 27 23 0 0 0 0 0 0 0 0 0 19 38 31 28 20 26 24 20 26 49 51 32 0 0 0 0 47 24 52 53 76 62 27 0 0 0 18 54 58 52 49 63 76 56 52 43 42 52 57 57 31 33 26 46 60 80 69 0 0 9 0 0 0 0 0 0 0 0 0 0 30 44 28 0 0 0
0 0 0 0 0 0 0 0 0 0 0 0 0 0 0 0 0 0 0 25 14 27 58 22 0 52 50 0 0 0 14 37 28 30 32 30 38 37 46 33 8 0 0 0 0 0 73 51 74 68 76 51 48 0 0 0 66 74 72 64 58 65 60 47 40 45 46 49 47 49 28 45 33 49 72 78 45 0 0 38 0 0 0 0 0 0 0 0 0 0 22 42 22 0 0 0
0 0 0 0 0 0 53 78 0 0 0 0 0 0 0 0 0 0 25 54 50 57 58 31 0 54 57 12 0 0 0 46 36 47 46 37 30 34 39 14 0 0 0 0 0 0 55 72 77 78 74 45 61 17 0 0 63 76 74 61 43 45 42 47 56 81 80 62 76 76 55 44 50 35 54 53 0 0 16 42 0 0 0 0 0 0 0 0 0 0 47 48 0 0 0 0
0 33 52 13 0 0 59 63 0 0 0 0 0 0 30 64 66 48 55 58 39 36 55 10 0 66 68 50 11 0 0 46 57 58 56 42 26 21 40 39 0 0 0 0 35 24 60 71 50 63 61 64 56 2 0 0 0 6 50 66 22 18 41 70 70 66 64 46 18 28 66 52 0 38 61 0 0 0 64 44 0 0 0 0 0 0 0 29 0 0 56 71 0 0 0 0
33 51 66 45 28 56 74 58 0 0 0 0 0 0 0 12 75 70 66 44 45 56 54 14 34 76 81 70 42 0 0 42 62 62 52 46 26 34 40 15 0 0 0 0 34 55 74 44 23 44 70 47 6 0 0 0 0 40 56 45 8 11 41 61 66 57 62 70 66 49 0 0 0 0 0 0 0 42 68 72 28 0 0 0 0 0 0 23 50 0 50 69 33 0 0 8
52 63 75 74 68 14 0 0 0 0 0 0 0 0 0 0 52 56 47 40 49 74 56 28 80 69 68 49 46 0 0 0 43 59 45 45 32 0 0 0 0 0 0 7 0 60 66 42 56 53 58 1 0 0 0 23 9 55 46 22 9 8 17 29 30 15 12 10 29 40 40 44 72 65 0 0 56 46 54 73 24 0 0 0 0 0 0 18 81 23 40 79 78 17 0 46
63 59 79 70 18 0 0 0 0 0 0 0 0 0 0 5 53 60 34 44 44 57 67 56 62 42 57 49 23 0 12 67 48 42 53 0 0 0 4 0 0 0 0 68 18 17 61 55 72 48 7 0 0 0 51 62 48 54 29 22 16 16 15 50 43 18 12 6 3 2 5 47 57 12 0 0 62 27 59 75 0 0 0 0 0 0 0 10 80 50 69 86 92 36 4 54
63 56 69 38 0 0 32 7 0 0 0 0 0 0 0 7 39 0 0 0 20 48 57 44 28 28 42 52 34 39 34 50 47 42 0 0 15 61 61 11 0 0 13 79 57 14 42 36 60 1 0 0 15 58 33 38 41 20 24 40 28 21 38 57 58 43 23 13 11 21 24 56 70 0 0 35 53 47 58 64 0 0 0 0 0 0 0 52 90 69 75 80 85 58 69 74
68 54 61 66 33 0 62 0 0 32 0 0 0 0 0 0 0 0 0 0 0 0 13 30 47 42 36 62 64 58 48 44 60 2 12 62 76 64 56 0 0 0 64 39 44 34 16 25 52 44 31 0 50 18 10 16 18 10 19 42 38 25 24 23 48 60 44 22 12 22 57 69 8 0 0 70 61 66 54 9 0 0 0 0 0 0 25 88 78 63 61 81 88 93 89 87
72 68 76 59 2 0 60 0 24 77 0 0 0 0 0 0 0 0 0 0 0 0 0 0 0 21 48 46 51 55 50 51 46 40 67 70 62 55 45 0 0 14 55 9 19 23 4 12 22 23 47 42 27 5 7 16 20 27 29 40 53 59 40 34 31 36 65 40 35 28 66 74 0 0 45 74 77 71 0 0 0 0 0 0 0 0 68 89 88 77 71 73 78 78 82 75
74 52 73 65 21 59 57 63 54 71 0 0 0 0 0 0 0 0 0 0 0 0 0 0 0 0 0 0 1 56 69 64 50 73 57 29 35 41 54 0 0 24 31 15 9 7 14 9 18 18 31 35 9 16 20 28 39 49 55 61 68 28 37 55 43 34 17 62 54 46 69 50 0 0 78 82 37 0 0 0 0 0 0 0 0 36 66 60 61 88 85 84 90 90 90 88
55 32 47 45 72 67 20 28 53 0 0 0 0 0 0 0 0 0 0 1 19 8 0 0 0 0 0 11 33 67 55 52 56 46 28 8 16 42 34 0 51 25 41 31 19 4 17 17 18 34 23 22 25 35 47 56 63 65 75 82 74 2 0 27 63 55 0 12 80 84 66 10 0 0 0 0 0 0 0 0 0 0 0 0 0 0 0 0 0 28 29 45 40 79 81 89
53 30 29 26 21 37 27 14 59 0 34 18 0 0 0 0 0 0 0 0 52 55 56 21 0 56 62 59 59 48 23 29 20 9 0 14 28 48 0 10 21 36 40 46 18 2 14 32 36 44 35 42 51 58 62 62 60 65 76 55 27 0 0 0 0 0 0 0 0 18 16 0 0 0 0 0 0 0 0 0 0 0 0 0 0 0 0 0 0 0 0 0 0 0 8 57
57 43 40 22 12 30 21 21 64 29 29 0 0 0 0 0 0 19 10 42 51 45 46 0 0 69 42 41 41 30 2 0 0 0 4 53 62 31 0 50 3 12 43 43 12 13 10 29 48 10 66 65 66 59 67 70 60 63 71 70 6 0 0 0 0 0 0 0 0 0 0 0 0 0 0 0 0 0 0 0 0 0 0 0 0 0 0 0 0 0 0 0 0 0 0 0
52 41 30 43 60 61 48 46 71 29 29 36 0 0 0 0 4 70 65 46 39 43 43 0 0 66 38 22 11 3 0 0 0 0 23 52 38 47 25 54 2 8 41 38 13 21 36 37 40 38 19 61 72 70 60 85 73 78 71 39 0 0 0 0 0 0 0 0 0 0 0 0 0 0 0 0 0 0 0 0 44 21 0 0 0 0 0 0 0 0 0 0 0 0 5 0
46 39 29 62 67 64 63 44 45 53 58 46 2 0 0 0 0 62 68 37 38 46 41 0 33 52 18 16 5 0 0 0 0 0 14 12 1 39 44 37 5 14 46 27 22 21 43 69 75 59 0 41 79 75 61 67 76 36 22 9 0 0 0 0 0 0 0 0 0 0 0 0 0 0 0 0 0 0 0 55 86 15 0 0 0 68 65 42 0 0 56 85 86 88 81 8
71 54 43 73 37 53 33 28 47 61 35 0 0 0 0 0 0 0 32 51 46 22 33 46 24 11 16 30 32 15 10 1 0 0 0 0 0 20 32 0 0 2 21 34 56 50 52 78 40 16 0 0 73 63 36 32 63 0 0 0 0 0 0 0 0 0 0 0 0 0 0 0 0 0 0 0 49 85 84 90 93 20 0 0 32 86 92 87 69 61 93 92 94 77 73 15
6 68 63 28 32 26 12 52 53 38 36 0 0 4 0 0 0 0 0 60 33 10 11 16 18 19 32 26 32 25 13 0 0 36 7 0 0 0 0 0 0 14 46 62 63 39 67 67 34 0 0 0 8 0 0 0 32 0 0 0 0 0 0 0 0 0 0 0 0 0 0 0 0 0 0 6 72 88 90 87 91 60 0 0 26 79 75 87 90 66 65 69 81 49 36 16
0 0 0 0 48 21 20 52 54 43 67 70 73 64 7 0 0 0 0 58 16 20 37 51 57 54 5 34 14 1 0 22 24 53 16 0 0 0 0 0 3 24 34 38 65 38 57 59 22 0 0 0 0 0 0 0 0 0 0 0 0 0 0 0 0 0 0 0 0 0 0 0 0 0 0 1 27 55 85 88 86 75 0 0 0 66 77 63 81 76 57 58 41 3 0 47
0 0 0 40 43 9 7 16 18 24 17 41 63 63 70 0 0 0 0 76 45 49 68 80 36 0 0 45 4 0 0 14 59 65 30 0 0 0 26 0 0 0 21 41 57 58 0 1 0 0 0 0 0 0 0 0 0 0 0 0 0 0 0 0 0 0 3 0 0 0 21 0 0 0 0 0 0 0 84 83 88 75 7 0 0 40 74 47 62 63 63 57 31 24 5 70
37 50 55 31 8 0 0 0 3 0 15 43 59 58 77 0 0 0 0 40 5 0 0 0 0 0 53 56 17 12 37 25 65 59 42 14 0 0 28 46 26 44 68 73 32 0 0 0 0 0 0 0 0 0 0 0 0 0 0 0 0 0 0 0 0 0 31 0 0 0 2 28 0 0 0 0 0 0 53 92 61 78 74 28 0 3 83 52 34 39 60 56 65 82 60 81
21 20 21 15 14 14 4 2 37 11 12 45 71 51 0 0 0 0 0 0 0 0 0 0 37 51 48 56 14 2 48 65 68 57 43 5 15 35 37 60 59 80 74 22 0 0 0 0 0 0 0 0 0 0 0 0 0 0 0 0 0 22 66 46 13 0 90 79 0 0 0 66 0 0 0 0 0 0 26 72 87 59 80 28 0 0 87 50 20 41 54 66 53 64 73 66
11 11 13 40 61 32 7 4 56 47 26 42 56 0 0 0 0 0 0 0 0 0 14 54 44 16 38 50 0 10 43 65 51 41 83 25 49 72 83 72 0 0 0 0 0 0 0 0 0 0 0 0 0 0 2 0 0 0 0 0 0 66 90 75 71 62 92 70 11 0 3 78 0 0 0 0 0 0 0 58 93 70 79 0 0 32 89 36 9 29 29 25 50 59 48 54
29 48 44 50 53 46 37 3 60 55 44 42 65 0 0 0 0 44 63 1 0 48 52 34 5 2 36 22 5 29 38 35 44 44 77 66 82 80 16 0 0 0 0 0 0 0 0 0 0 0 0 0 14 23 48 18 0 0 0 0 0 0 34 73 35 65 85 32 0 0 59 75 0 0 0 0 0 0 0 85 91 81 77 0 0 49 88 28 13 9 16 38 54 43 23 36
30 46 35 56 58 84 82 57 34 58 31 31 9 0 0 0 18 38 37 40 0 68 38 18 0 0 10 4 4 16 17 24 54 72 22 88 58 0 0 0 0 0 0 0 0 0 0 0 0 0 32 40 55 78 50 4 0 0 0 0 0 0 23 80 22 46 89 0 0 20 85 46 0 0 0 0 0 0 0 82 94 90 70 0 0 0 90 54 28 17 36 46 28 20 31 54
48 61 51 44 23 0 1 32 49 50 39 0 0 0 0 0 33 14 17 49 0 50 15 14 0 0 0 4 13 26 47 63 81 60 0 0 0 0 0 0 0 0 0 0 17 75 79 31 59 60 53 80 78 45 0 0 0 0 0 0 0 43 78 55 18 75 70 0 0 84 70 29 0 0 0 0 0 0 0 7 83 93 67 0 0 0 92 61 27 28 31 28 43 63 74 84
40 42 14 26 38 48 15 0 0 6 52 14 0 0 0 0 42 24 15 35 54 48 29 44 21 0 9 40 52 77 91 78 58 0 0 0 0 0 0 0 19 63 0 59 88 77 85 58 87 82 80 78 53 4 0 0 0 0 0 0 36 84 86 55 39 65 25 0 12 90 54 11 0 0 0 0 0 0 0 0 46 95 75 9 0 0 88 24 26 39 72 78 89 79 80 70
16 23 0 0 9 26 67 30 0 0 0 0 0 0 69 5 56 20 19 38 65 53 22 60 29 3 33 72 80 73 50 0 0 0 0 0 0 0 0 0 84 81 82 70 61 72 90 82 86 81 79 74 16 0 0 0 0 0 0 0 15 70 79 69 64 65 0 0 77 80 53 11 0 0 0 0 0 0 0 0 0 63 40 0 0 0 75 37 48 65 85 78 74 16 42 14
0 6 0 0 0 8 44 68 75 68 0 0 0 5 31 31 47 28 11 9 18 38 31 67 59 37 62 84 51 0 0 0 0 0 0 12 24 74 0 0 81 77 66 76 24 52 77 87 78 80 79 61 8 0 0 0 0 0 23 0 10 71 80 62 68 66 0 0 85 60 27 3 0 0 0 0 0 0 0 0 0 0 0 0 0 0 57 85 80 91 56 29 30 0 0 0
0 0 31 0 0 0 3 22 46 72 0 0 0 54 22 60 60 18 0 0 2 54 58 71 55 77 81 58 0 0 0 0 0 66 83 87 92 80 0 0 45 84 19 36 8 26 56 70 64 77 74 35 2 0 0 0 0 0 81 66 0 62 88 57 79 44 0 26 85 68 17 0 0 0 0 0 0 0 0 0 0 0 0 0 0 0 0 74 79 27 0 0 0 0 0 0
0 0 35 48 11 0 0 19 38 52 0 0 11 71 13 41 45 7 0 20 20 61 68 60 0 9 46 58 0 0 0 0 73 88 67 66 81 55 2 0 49 79 16 7 12 40 61 60 69 81 74 16 0 0 0 0 0 46 91 87 61 59 86 63 80 12 0 53 71 57 0 0 0 0 0 0 0 0 67 75 0 0 0 0 0 0 0 0 0 0 0 0 0 0 0 0
0 0 10 49 53 12 4 27 37 37 0 0 61 37 7 23 30 2 24 35 72 70 20 0 0 0 0 0 0 0 0 0 18 79 60 34 59 65 63 12 0 79 48 8 17 33 56 76 87 76 28 0 0 0 11 0 0 55 93 82 86 74 67 75 58 0 49 58 77 83 22 0 7 45 78 10 0 0 34 75 29 20 0 0 0 0 0 0 0 0 0 0 0 0 0 0
4 0 0 33 43 39 35 48 42 5 0 0 25 63 16 9 21 34 72 65 66 24 0 0 0 0 0 0 20 11 0 0 27 83 55 5 33 56 52 68 0 3 80 22 40 53 68 86 75 18 0 0 0 46 79 0 0 0 81 85 54 49 66 76 22 39 84 84 70 54 83 74 83 84 65 42 0 0 80 92 82 81 58 0 0 0 0 0 0 0 0 0 0 38 26 0
40 8 4 10 33 48 0 0 0 0 0 0 51 42 41 50 72 73 71 72 73 2 9 70 74 20 83 62 83 79 0 0 74 82 56 4 14 28 32 55 24 0 76 20 18 38 48 62 57 0 0 14 85 85 80 26 0 0 92 55 15 39 74 62 20 74 62 63 72 10 30 59 70 70 56 0 0 0 59 82 85 79 74 38 0 0 0 0 26 24 54 61 31 92 77 87
47 42 32 39 34 14 4 7 33 71 0 56 48 59 65 66 50 75 66 38 0 63 81 73 56 67 80 71 63 80 0 20 77 80 50 7 19 36 39 53 46 46 73 20 17 59 67 57 26 0 58 69 82 51 58 84 0 58 84 70 18 36 68 49 53 79 28 44 43 16 44 70 65 68 11 0 0 0 32 92 71 79 82 69 9 0 0 0 80 89 89 86 82 93 94 94
26 51 29 27 1 44 74 58 44 56 0 3 41 50 69 43 20 74 56 57 58 55 48 64 56 76 61 66 46 75 3 35 83 66 54 17 21 33 27 23 28 38 72 33 25 49 65 18 21 5 91 46 48 19 46 83 0 57 86 82 43 52 68 35 56 25 2 20 24 42 57 61 68 24 0 0 0 0 74 92 50 63 86 86 47 0 0 0 65 81 59 43 72 49 75 91
40 54 45 53 37 20 12 16 34 30 0 0 0 38 78 19 31 63 67 58 60 28 20 62 55 51 30 44 65 48 13 69 76 40 32 2 0 16 0 0 0 0 34 44 32 67 59 68 67 48 76 23 3 11 56 55 0 34 68 40 21 53 68 21 53 7 3 34 48 52 64 55 44 0 0 0 0 53 85 73 31 50 49 68 72 2 0 0 23 91 58 9 12 16 26 51
23 9 4 4 0 17 17 41 45 0 0 22 52 55 72 51 10 30 55 56 63 39 32 67 70 33 7 42 60 20 44 69 30 6 0 0 0 5 1 2 2 14 42 42 33 54 63 57 59 51 60 6 9 48 68 0 0 44 88 40 24 52 65 24 67 9 10 48 54 66 59 69 69 14 0 0 0 70 62 50 29 37 51 76 59 0 0 0 0 71 85 27 6 8 9 28
0 10 9 13 9 39 41 12 0 0 44 75 71 71 65 68 42 34 62 47 74 35 20 66 54 7 0 44 43 55 57 65 10 0 0 0 6 39 23 25 32 48 48 33 11 40 54 68 39 68 11 3 51 75 36 0 0 70 84 77 51 49 68 40 57 38 15 29 38 44 56 70 83 51 0 0 0 80 87 42 2 40 73 78 49 22 0 0 0 16 92 53 41 19 8 9
1 8 31 42 47 34 0 4 39 16 76 51 16 22 52 68 76 38 57 25 58 43 17 59 23 1 14 56 46 53 66 50 34 0 0 0 31 57 29 9 10 44 57 17 2 0 33 53 68 42 6 30 61 75 31 19 43 55 72 68 35 50 66 62 62 42 10 17 24 40 49 59 82 47 0 0 0 91 61 54 14 49 73 91 87 50 0 0 0 0 74 91 85 54 48 26
14 30 43 42 0 2 54 68 71 43 53 12 0 6 26 64 78 47 42 11 40 31 10 33 4 11 51 66 54 37 48 49 62 40 29 7 27 58 52 27 39 58 66 44 13 0 19 40 48 11 4 38 80 76 74 91 91 37 76 50 32 50 69 66 52 12 4 20 36 63 69 76 73 57 0 0 42 79 32 41 28 50 65 53 79 72 0 0 0 0 16 63 64 90 82 51
44 54 58 11 4 72 58 48 68 69 62 20 1 11 49 70 76 52 27 2 16 15 7 16 25 44 66 57 48 13 16 54 52 45 19 9 63 32 48 64 65 65 65 76 42 1 0 16 18 0 28 77 76 87 85 61 73 36 76 36 22 38 52 51 32 16 9 13 45 73 80 74 72 73 0 0 44 92 82 54 29 38 36 38 70 58 21 57 32 0 0 24 78 88 61 59
54 54 51 25 67 52 40 47 70 53 41 33 4 0 28 60 46 27 18 0 17 2 8 4 28 63 58 65 29 0 11 31 13 26 32 34 81 25 19 81 77 57 76 76 31 2 0 16 18 25 66 76 80 68 41 36 71 60 79 44 14 26 35 43 55 61 44 29 81 43 0 0 6 21 0 0 0 81 68 51 26 12 26 58 57 56 72 93 80 13 0 40 86 72 43 44
30 43 56 53 74 43 31 52 75 61 32 26 12 4 12 44 28 55 44 14 16 13 16 10 22 60 46 68 23 0 4 15 20 51 75 83 88 0 0 76 46 27 85 45 4 14 51 66 65 67 61 69 54 38 21 38 66 70 44 32 39 53 51 43 61 73 75 75 37 0 0 33 0 17 53 28 0 78 74 25 15 13 48 69 49 69 84 60 92 40 0 59 86 45 14 8
27 47 65 74 69 30 46 64 67 55 30 50 50 30 28 58 77 79 45 33 51 52 42 47 53 66 68 67 63 14 19 48 66 86 67 32 22 0 0 29 59 70 71 35 0 25 67 47 61 63 67 30 22 23 43 60 58 46 39 58 73 83 85 82 76 66 6 0 0 37 79 88 60 85 85 36 0 77 84 53 33 30 61 75 57 78 36 45 88 55 0 77 80 40 9 0
40 60 57 52 62 24 48 42 54 64 62 66 52 54 79 80 80 81 74 78 79 54 40 32 56 44 64 72 86 82 65 71 75 83 84 52 34 0 0 55 76 59 41 38 2 40 46 14 22 40 63 26 0 11 35 30 45 72 73 85 60 38 48 52 13 0 0 2 68 90 70 61 58 54 64 56 26 83 51 43 44 48 73 60 72 67 11 13 49 76 1 76 80 48 17 0
22 15 12 35 53 18 32 18 44 70 78 77 84 93 72 40 90 84 81 74 75 81 78 75 57 35 55 82 78 84 88 80 75 91 84 62 64 0 0 41 76 65 24 17 0 32 29 2 8 36 62 23 0 6 2 21 63 63 77 61 18 1 7 35 57 75 79 64 86 70 39 52 62 28 51 57 44 59 15 12 24 42 49 34 65 48 0 12 62 75 5 72 77 64 14 0
0 0 6 17 24 14 22 49 54 78 46 41 32 23 0 39 93 90 83 88 93 79 79 72 63 56 67 73 84 75 65 83 81 68 34 0 0 0 0 25 87 78 46 4 0 36 11 0 18 61 50 20 0 5 13 46 55 22 43 74 90 55 70 58 54 80 83 76 74 44 24 51 52 16 62 55 22 86 35 22 15 28 35 39 57 7 7 49 90 54 6 41 78 69 40 5
