models/BlackGrouse/Inputs/BlackGrouse_SDMpredictions2020.asc
NCOLS 349 
NROWS 221 
XLLCORNER 485000 
YLLCORNER 75000 
CELLSIZE 1000 
NODATA_value -1 
[rows 73 to 145 of 221, columns 192 to 287 of 349]
0 0 0 0 0 0 0 0 0 0 0 0 0 0 0 0 0 0 0 0 0 0 0 0 0 0 0 0 0 0 0 0 0 0 0 0 0 15 31 0 0 0 0 0 0 0 0 0 0 0 0 0 0 0 0 0 0 0 0 0 0 0 0 0 0 0 1 26 71 67 46 49 71 68 0 0 0 0 0 0 0 0 0 0 0 0 0 0 0 0 0 0 0 0 0 0
0 0 0 0 0 0 0 0 0 0 0 0 0 0 0 0 0 0 0 0 0 0 0 0 0 0 0 0 0 0 0 0 0 0 0 0 0 0 24 33 6 38 0 0 0 0 0 0 0 0 0 0 0 0 0 0 0 0 0 0 0 0 0 0 0 0 0 0 78 55 68 47 66 14 14 0 0 0 0 0 0 0 0 0 0 0 0 0 0 0 0 0 0 0 0 0
0 0 0 0 0 0 0 0 0 0 0 0 0 0 0 0 0 0 0 0 0 0 0 0 0 0 0 0 0 0 0 0 0 0 0 0 0 0 37 57 39 36 0 0 0 0 0 0 0 0 0 0 0 0 0 0 0 0 0 0 0 0 0 0 0 0 0 0 0 28 61 76 75 69 73 0 0 0 0 0 0 0 0 0 0 0 0 0 0 0 0 0 0 0 0 0
0 0 0 0 0 0 0 0 0 0 0 0 0 0 0 0 0 0 0 0 0 0 0 0 0 0 0 0 0 0 0 0 0 0 0 0 0 0 61 67 57 52 29 0 0 0 0 0 0 0 0 0 0 0 0 0 0 0 0 0 0 0 0 0 0 0 0 0 0 0 34 80 74 65 71 0 0 0 0 0 0 0 0 0 0 0 0 0 0 0 0 0 0 0 0 0
0 0 0 0 0 0 0 0 0 0 0 0 0 0 0 0 0 0 0 0 0 0 0 0 0 0 0 0 0 0 0 0 24 0 0 0 0 0 36 58 55 22 8 0 0 0 0 0 0 0 0 0 0 0 0 0 0 0 0 0 0 0 0 0 0 0 0 0 0 0 51 80 73 53 47 1 0 0 0 0 0 0 0 0 0 0 0 0 0 0 0 0 0 0 0 0
0 0 0 0 0 0 0 0 0 0 0 0 0 0 0 0 0 0 0 0 0 0 0 0 0 0 0 0 0 0 0 23 4 0 0 0 0 33 52 73 50 3 0 0 0 0 0 0 0 16 63 2 17 0 0 0 0 0 0 0 0 0 0 0 0 0 0 0 0 0 0 56 68 82 66 0 0 0 0 0 0 0 0 0 0 0 0 0 0 0 0 0 0 0 0 0
0 0 0 0 0 0 0 0 0 0 0 0 0 0 0 0 0 0 0 0 0 0 0 0 0 0 0 0 0 0 0 15 0 0 0 0 0 64 47 60 0 0 0 0 0 0 0 0 0 0 66 0 83 27 79 75 0 0 50 49 4 8 27 0 0 0 0 0 0 0 0 0 20 82 36 0 0 0 0 0 0 0 0 0 0 0 0 0 0 0 0 0 0 0 0 0
0 0 0 0 0 0 0 0 20 33 33 0 0 0 0 0 0 0 14 0 0 0 0 25 5 0 0 0 0 0 0 0 7 0 0 0 0 43 66 64 0 0 0 17 0 0 0 0 0 0 73 16 59 51 85 87 0 53 92 94 81 76 66 27 0 0 0 0 0 0 0 0 0 74 38 0 0 0 0 0 0 0 0 0 0 0 0 0 0 0 0 0 0 0 0 0
0 0 0 0 0 0 0 0 27 0 0 0 0 0 0 0 0 0 25 0 0 5 4 31 0 0 0 0 0 0 0 0 17 3 0 0 18 62 76 18 22 83 89 82 0 0 0 0 6 73 70 52 43 69 57 50 0 93 82 82 79 81 68 0 0 0 0 0 0 0 0 0 0 0 0 0 0 0 0 0 0 0 75 80 0 0 49 22 50 0 39 41 10 0 0 0
0 0 0 0 0 0 0 0 0 0 0 0 0 0 0 0 17 9 15 0 0 0 8 2 0 0 0 0 0 0 0 9 58 44 0 0 61 67 67 37 79 65 56 68 0 0 0 0 5 86 72 65 69 65 81 81 4 93 73 78 83 60 12 0 1 79 62 0 0 0 0 0 0 0 0 0 0 0 0 0 0 0 48 83 50 22 14 42 37 38 36 46 43 26 2 0
0 0 36 0 0 0 0 0 0 0 0 0 0 0 0 0 3 6 0 0 0 7 0 0 0 0 0 0 0 0 0 0 34 31 0 26 51 40 56 70 70 75 66 0 0 0 0 0 0 71 43 38 58 60 49 82 45 91 67 80 72 13 0 0 92 89 77 32 0 0 0 0 0 0 0 0 0 0 0 0 0 0 0 84 57 43 58 73 76 73 74 56 49 60 68 36
0 60 66 6 0 0 0 0 0 0 0 0 0 0 0 0 0 0 0 0 0 25 5 0 0 0 0 0 7 44 0 0 32 23 52 60 38 48 66 75 65 21 0 0 0 0 0 0 0 68 43 28 41 64 74 80 88 71 65 74 85 64 0 40 85 87 78 65 37 0 0 0 0 0 0 0 0 0 0 0 0 0 0 0 57 60 72 79 71 43 0 13 57 61 92 74
0 20 24 14 0 0 0 0 0 0 0 0 0 0 0 0 0 0 0 0 0 37 6 0 0 0 0 0 18 42 0 41 35 47 64 64 43 42 64 39 0 0 0 0 0 0 0 0 0 39 77 18 27 63 65 62 61 63 38 50 64 89 21 77 68 86 86 92 84 6 0 0 0 0 0 0 0 0 0 0 0 0 0 0 8 86 75 85 88 72 0 0 0 54 92 64
0 0 0 28 0 0 0 0 0 0 0 0 0 0 0 0 0 0 0 0 15 27 0 0 0 0 0 0 41 33 0 68 63 41 26 0 0 0 0 0 0 0 0 0 29 0 0 0 0 2 86 31 11 37 57 56 73 66 34 31 57 82 78 91 60 78 76 87 82 0 0 3 1 0 0 0 0 0 0 0 0 0 0 0 0 61 87 55 79 66 0 0 20 76 82 67
0 0 0 22 43 18 0 0 0 0 0 0 0 0 0 0 0 0 0 0 0 9 0 0 0 55 0 0 35 22 39 68 23 0 0 0 0 0 0 0 32 74 76 69 58 0 0 0 0 0 86 69 24 57 72 90 70 65 41 58 60 72 72 73 60 60 69 90 2 0 0 70 50 0 0 0 0 0 0 0 0 0 0 0 0 0 71 72 87 23 0 0 0 69 71 53
0 0 0 0 0 0 0 0 0 0 0 0 0 0 0 0 0 0 0 0 0 3 6 37 22 11 0 7 21 11 14 54 20 54 67 0 17 74 69 76 32 0 0 12 64 0 0 0 0 0 0 54 79 55 7 73 83 57 66 76 48 51 48 58 64 79 84 66 0 0 62 76 76 0 0 0 0 0 0 0 0 0 0 0 0 0 0 61 23 0 0 0 0 21 42 12
0 0 0 0 0 0 0 0 0 0 0 0 0 0 0 0 0 0 0 0 0 0 1 36 22 13 18 12 18 9 20 14 54 25 37 68 24 82 46 5 0 0 1 28 27 0 0 0 0 0 0 0 0 0 0 89 54 45 41 83 30 63 60 49 82 42 6 0 0 0 75 50 58 32 52 83 55 0 0 0 0 0 0 0 0 0 0 0 0 0 0 0 0 0 0 0
0 0 0 0 0 0 0 0 0 0 0 0 0 0 0 0 0 0 0 0 0 0 0 6 9 10 0 0 0 0 15 31 12 0 16 81 68 45 55 1 0 0 36 31 0 0 0 0 0 0 0 0 0 0 0 89 48 36 14 80 46 74 84 86 59 0 0 0 0 77 76 21 25 75 76 77 81 0 0 0 0 0 0 0 0 0 0 0 0 0 0 0 0 0 0 0
0 0 0 0 0 0 0 0 0 0 0 0 0 0 0 0 0 0 0 0 0 0 0 0 0 0 0 0 0 0 24 51 6 8 21 67 73 66 41 0 0 22 17 0 0 0 0 0 0 8 74 0 0 0 0 73 86 82 21 59 44 77 63 36 0 5 69 49 0 64 53 14 9 59 73 85 55 0 0 0 0 0 0 0 0 0 0 0 0 0 0 0 0 0 0 0
0 0 0 0 0 0 0 0 0 0 0 0 0 0 23 0 0 0 0 0 0 0 0 0 0 0 0 0 0 27 46 44 13 14 18 48 63 20 28 32 46 39 0 0 0 0 0 0 0 40 53 70 34 0 0 0 36 66 2 52 33 80 4 20 46 84 76 64 0 54 22 2 7 48 57 33 0 0 0 0 0 0 0 0 0 0 0 0 0 0 0 0 0 0 0 0
0 0 0 0 0 0 0 0 0 0 0 0 0 0 62 15 4 17 13 19 0 0 0 0 0 0 0 0 0 40 66 39 23 16 4 30 32 0 1 22 43 49 14 0 0 0 0 0 0 65 42 44 81 3 0 0 0 0 20 30 16 68 68 91 80 75 36 57 40 65 12 0 5 49 50 41 36 0 0 0 14 0 0 0 0 0 0 0 0 0 5 12 32 22 0 0
0 0 0 0 0 0 0 0 0 0 0 0 0 0 17 36 50 60 52 60 48 0 0 0 0 16 0 0 0 7 40 49 26 7 0 9 3 0 7 29 62 54 0 0 0 0 64 38 68 66 57 61 49 0 0 0 30 73 43 30 32 70 82 45 39 14 10 40 53 47 0 3 0 10 32 60 74 0 0 23 0 0 0 0 0 0 0 0 0 0 49 56 51 0 0 0
0 0 0 0 0 0 0 0 0 0 0 0 0 0 0 0 0 1 10 48 43 59 73 49 0 54 71 1 0 0 30 43 28 9 19 4 16 19 34 41 25 0 0 0 0 0 77 67 80 70 56 33 64 3 0 0 83 70 66 48 37 62 51 15 10 17 29 39 38 26 0 34 2 9 53 68 43 0 0 52 0 0 0 0 0 0 0 0 0 0 32 55 32 0 0 0
0 0 33 0 0 0 65 82 8 0 0 0 0 0 0 0 0 0 46 73 63 51 41 52 1 38 62 30 0 0 8 49 34 33 32 11 8 24 51 32 0 0 0 0 0 0 69 76 68 69 64 27 64 43 0 0 73 91 86 48 9 17 8 21 46 89 92 78 87 81 28 32 36 0 26 50 0 0 30 51 0 0 0 0 0 0 0 0 0 0 64 60 0 0 0 0
3 50 77 37 0 21 65 67 0 0 0 0 0 0 59 86 88 58 68 60 27 18 56 42 10 60 71 61 29 0 0 52 44 38 27 19 11 0 20 47 0 0 0 0 56 35 63 50 22 48 48 54 74 17 0 0 0 16 64 52 0 0 10 74 88 87 74 68 34 56 70 47 7 36 63 0 0 0 83 56 0 0 0 0 0 0 0 41 0 0 80 77 1 0 0 0
52 71 64 52 43 65 80 76 0 0 0 0 0 0 0 30 80 65 64 27 29 52 68 43 56 70 80 72 58 0 0 44 51 54 61 45 0 17 37 36 0 0 0 0 57 35 50 17 0 12 71 68 19 0 0 0 0 49 60 18 0 0 12 53 60 52 54 66 81 57 6 0 0 0 0 0 0 64 68 60 49 0 0 0 0 0 0 36 72 7 72 84 59 0 0 13
71 76 57 71 78 33 0 0 0 0 0 0 0 0 0 0 68 71 48 22 32 70 73 51 80 56 55 35 43 0 0 11 43 59 30 25 42 6 0 0 0 0 0 16 0 64 44 7 28 38 65 16 0 0 0 39 22 54 27 0 0 0 0 0 0 0 0 0 0 14 23 7 54 66 0 0 77 11 24 62 40 0 0 0 0 0 0 32 92 36 67 84 90 30 0 58
66 51 68 68 28 0 0 0 0 0 0 0 0 0 0 22 71 73 44 59 64 49 63 70 46 25 38 49 31 16 30 55 32 27 40 8 0 2 20 0 0 0 0 74 29 36 34 24 63 60 21 0 0 0 64 58 63 41 0 0 0 0 0 8 8 0 0 0 0 0 0 23 58 20 0 0 52 0 34 71 8 0 0 0 0 0 0 23 92 69 82 70 88 54 10 66
51 40 72 46 0 0 52 21 0 0 0 0 0 0 0 26 62 2 0 2 48 60 48 30 2 2 27 54 44 58 49 33 32 56 0 0 47 81 77 37 0 0 27 70 60 29 17 3 59 18 0 0 32 59 1 4 25 0 0 9 0 0 10 43 44 14 0 0 0 0 0 30 79 0 0 48 23 13 30 73 0 0 0 0 0 0 0 78 90 71 54 60 88 65 90 89
75 61 72 60 42 0 78 12 4 43 0 0 0 0 0 0 0 0 0 0 0 9 34 42 51 28 7 45 55 43 31 14 67 21 32 78 84 80 76 13 0 0 64 5 17 33 0 1 37 55 44 0 34 0 0 0 0 0 0 27 8 0 0 0 28 46 18 0 0 0 31 77 12 0 0 78 25 41 56 16 0 0 0 0 0 0 40 82 56 38 33 61 81 90 75 71
82 57 74 66 13 10 74 0 38 56 0 0 0 0 0 0 0 0 0 0 0 0 0 0 7 41 66 62 57 48 32 35 59 64 86 59 48 57 65 5 0 23 27 0 0 0 0 0 0 0 28 55 0 0 0 0 0 0 2 20 35 42 10 1 6 42 55 12 3 0 38 76 0 0 66 50 55 76 0 0 0 0 0 0 0 0 69 79 82 58 58 55 58 62 62 58
75 39 60 68 30 76 26 46 20 38 0 0 0 0 0 0 0 0 0 0 0 0 0 0 0 0 0 0 14 70 60 60 68 66 42 0 5 22 54 11 0 27 0 0 0 0 0 0 0 0 0 4 0 0 0 1 12 36 47 50 69 36 43 41 33 41 25 58 49 36 70 69 0 0 86 88 56 0 0 0 0 0 0 0 0 55 73 74 76 92 91 77 89 83 82 76
38 2 11 13 67 56 0 0 18 15 0 0 0 0 0 0 0 0 0 14 35 22 13 0 0 0 9 29 52 55 28 36 39 13 0 0 0 3 48 0 51 27 24 2 0 0 0 0 0 2 0 0 0 7 20 30 51 51 75 85 82 4 0 39 75 53 0 19 85 89 78 16 0 0 0 0 0 0 0 0 0 0 0 0 0 0 0 0 0 39 30 59 54 81 88 92
13 0 0 0 0 3 0 0 38 2 48 33 0 0 0 0 0 0 0 10 65 55 49 38 0 62 69 65 43 32 0 0 0 0 0 0 0 26 0 24 0 17 44 30 0 0 0 0 4 29 6 31 28 40 50 29 44 52 79 67 40 0 0 0 0 0 0 0 0 34 27 0 0 0 0 0 0 0 0 0 0 0 0 0 0 0 0 0 0 0 0 0 0 0 7 76
39 20 7 0 0 0 0 0 43 32 32 9 0 0 0 0 3 34 27 45 31 24 55 10 0 69 22 11 10 0 0 0 0 0 0 21 35 41 0 44 0 0 27 38 0 0 0 0 36 22 62 66 56 56 68 63 41 53 61 85 12 0 0 0 0 0 0 0 0 0 0 0 0 0 0 0 0 0 0 0 0 0 0 0 0 0 0 0 0 0 0 0 0 0 0 0
34 10 0 0 26 55 19 20 52 31 36 46 0 0 0 0 16 53 43 26 21 21 53 1 5 69 7 0 0 0 0 0 0 0 0 19 12 27 37 42 0 0 24 20 0 0 1 8 26 46 45 77 61 55 76 86 66 77 79 55 0 0 0 0 0 0 0 0 0 0 0 0 0 0 0 0 0 0 0 0 62 32 0 0 0 0 0 0 0 0 0 0 0 0 12 0
30 9 0 27 67 71 45 10 13 17 31 42 14 0 0 0 0 64 41 10 20 25 45 8 50 25 0 0 0 0 0 0 0 0 0 0 0 0 41 6 0 0 17 0 0 0 29 60 76 74 0 61 74 64 76 81 81 49 27 12 0 0 0 0 0 0 0 0 0 0 0 0 0 0 0 0 0 0 8 72 93 25 0 0 5 75 70 47 0 2 73 83 93 92 86 11
74 36 4 49 40 34 2 0 14 34 50 0 0 0 0 0 0 0 48 38 24 0 2 24 0 0 0 1 12 0 0 0 0 0 0 0 0 0 0 0 0 0 0 0 28 35 41 77 59 34 0 5 84 75 57 45 80 0 0 0 0 0 0 0 0 0 0 0 0 0 0 0 0 0 0 0 70 89 90 84 91 32 0 0 44 82 88 90 77 70 91 79 83 66 78 15
22 70 46 45 36 0 0 18 48 41 57 0 0 10 0 0 0 0 3 54 4 0 0 0 0 0 3 31 13 0 0 0 0 0 0 0 0 0 0 0 0 0 16 40 63 40 59 57 48 6 0 0 14 5 7 0 41 0 0 0 0 0 0 0 0 0 0 0 0 0 0 0 0 0 0 19 82 93 86 74 83 65 0 0 34 81 56 68 84 65 45 44 61 38 30 13
0 10 9 0 54 0 0 17 41 45 34 55 50 60 19 0 0 0 0 45 0 0 0 21 40 50 16 37 0 0 0 0 0 24 0 0 0 0 0 0 0 0 0 1 39 53 70 63 34 0 0 0 0 0 0 0 0 0 0 0 0 0 0 0 0 0 0 0 0 0 0 0 0 0 0 10 41 73 91 68 67 84 0 0 0 57 55 38 59 62 27 32 25 13 0 49
0 0 10 46 16 0 0 0 0 0 0 2 35 39 66 0 0 0 0 72 29 30 42 76 55 0 6 27 0 0 0 0 32 51 0 0 0 0 0 0 0 0 0 3 46 68 2 8 0 0 0 0 0 0 0 0 0 0 0 0 0 0 0 0 0 0 8 0 0 0 28 0 0 0 0 0 0 3 92 69 70 83 16 0 0 54 58 14 41 40 40 37 24 24 6 76
49 52 39 0 0 0 0 0 0 0 0 9 41 53 77 0 0 0 0 63 18 0 11 0 0 8 67 37 0 0 0 0 40 54 1 0 0 0 0 22 0 6 45 80 48 0 0 0 0 0 0 0 0 0 0 0 0 0 0 0 0 0 0 0 0 0 41 0 0 0 7 30 0 0 0 0 0 0 70 91 39 64 85 30 0 8 77 18 5 7 36 38 38 73 63 59
0 0 0 0 0 0 0 0 0 0 0 15 51 70 0 0 0 0 0 0 0 0 0 0 57 36 18 37 0 0 16 37 56 54 2 0 0 0 2 51 68 84 77 30 0 0 0 0 0 0 0 0 0 0 0 0 0 0 0 0 0 31 77 61 22 0 90 84 0 0 0 77 0 0 0 0 0 0 36 82 68 29 74 28 0 0 86 16 0 4 27 37 24 50 46 40
0 0 0 7 33 0 0 0 34 9 5 35 68 9 0 0 0 0 0 0 0 0 26 64 24 0 0 11 0 0 10 44 51 49 66 0 20 53 77 83 0 0 0 0 0 0 0 0 0 0 0 0 0 0 10 0 0 0 0 0 2 71 93 73 70 77 86 63 20 0 3 74 0 0 0 0 0 0 0 73 91 50 73 1 0 41 86 7 0 0 0 0 20 27 9 19
0 18 5 20 47 7 0 0 34 45 42 26 75 0 0 0 0 67 62 12 0 72 45 3 0 0 0 0 0 0 0 0 17 51 80 39 74 87 21 0 0 0 0 0 0 0 0 0 0 0 0 0 16 23 32 26 0 0 0 0 0 0 44 67 3 42 72 42 0 0 63 72 0 0 0 0 0 0 0 91 74 59 83 0 0 51 81 0 0 0 0 2 22 5 0 4
0 52 46 53 49 80 70 29 21 29 32 34 26 0 0 0 42 9 7 51 0 77 13 0 0 0 0 0 0 0 0 0 24 76 35 92 70 0 0 0 0 0 0 0 0 0 0 0 3 6 34 32 49 69 36 7 0 0 0 0 0 0 34 67 0 11 82 0 0 19 85 41 0 0 0 0 0 0 0 86 93 75 75 0 0 0 87 22 0 0 4 17 0 0 1 25
28 58 31 51 38 3 28 32 45 38 26 6 0 0 0 0 26 0 0 37 3 27 0 0 0 0 0 0 0 0 13 39 74 69 0 0 0 0 0 0 0 0 0 0 27 67 88 35 60 60 52 70 73 41 0 0 0 0 0 0 1 47 85 24 0 47 77 0 0 87 64 28 0 0 0 0 0 0 0 9 90 83 70 0 0 0 90 35 0 1 3 0 7 33 56 68
21 22 0 0 15 51 31 0 0 19 60 42 0 0 0 0 24 0 0 18 54 32 0 15 0 0 0 2 22 57 85 84 71 0 0 0 0 0 0 0 28 71 5 67 93 73 89 68 90 85 86 67 42 10 0 0 0 0 0 0 37 88 77 22 6 56 27 0 9 87 44 14 0 0 0 0 0 0 0 0 50 93 83 11 0 0 85 0 0 6 46 55 84 87 87 75
0 0 0 0 0 0 38 52 7 0 0 0 0 0 60 22 26 0 0 7 33 20 0 32 0 0 0 46 81 66 61 0 0 0 0 0 0 0 0 0 89 81 87 74 31 50 82 90 79 59 58 63 14 0 0 0 0 0 0 0 21 77 72 46 29 57 0 0 70 75 47 16 0 0 0 0 0 0 0 0 0 71 49 0 0 0 82 7 15 45 84 84 68 20 39 15
0 0 0 0 0 0 8 43 54 70 0 0 0 13 3 34 28 0 0 0 0 0 0 41 33 0 30 76 56 0 0 0 0 0 0 25 34 71 0 0 84 52 45 53 0 16 50 79 55 60 62 57 12 0 0 0 0 0 24 0 10 79 68 39 45 57 0 0 86 49 22 2 0 0 0 0 0 0 0 0 0 0 0 0 0 0 61 70 67 89 53 25 36 0 0 0
0 0 0 0 0 0 0 0 13 63 0 0 0 63 0 49 49 0 0 0 0 19 25 41 47 53 69 69 0 0 0 0 0 66 79 82 87 89 0 0 57 70 0 0 0 0 30 42 35 53 63 30 0 0 0 0 0 0 76 74 0 68 79 27 55 42 0 24 77 65 14 0 0 0 0 0 0 0 0 0 0 0 0 0 0 0 1 77 85 22 0 0 0 0 0 0
0 0 1 11 0 0 0 0 21 54 0 0 23 63 0 23 20 0 0 0 0 37 63 60 0 19 56 66 0 0 0 0 78 85 42 40 71 59 10 0 53 58 0 0 0 8 36 36 45 60 76 16 0 0 0 0 0 57 81 70 68 64 71 38 66 11 0 57 69 61 0 0 0 0 0 0 0 0 74 72 0 0 0 0 0 0 0 0 0 0 0 0 0 0 0 0
0 0 0 22 41 0 0 12 10 25 0 0 72 11 0 0 7 0 0 0 52 53 36 0 0 0 0 0 0 0 0 0 30 84 40 0 30 67 69 21 0 85 25 0 0 0 33 55 84 78 32 0 0 0 12 0 0 61 86 59 79 80 43 50 51 0 52 62 69 77 19 0 2 53 85 9 0 0 31 80 28 17 0 0 0 0 0 0 0 0 0 0 0 0 0 0
0 0 0 0 32 36 19 41 63 19 0 0 54 48 0 0 0 0 42 39 63 26 0 0 0 0 0 0 30 21 0 0 31 89 20 0 0 25 23 48 0 6 67 0 7 23 42 78 78 19 0 0 0 57 84 0 0 0 77 64 33 22 42 62 25 49 71 71 66 26 70 60 72 71 59 37 0 0 77 85 86 86 62 0 0 0 0 0 0 0 0 0 0 40 22 0
28 0 0 0 24 39 7 0 0 0 0 0 62 19 0 34 49 43 44 58 78 8 18 75 78 32 87 67 86 85 8 0 78 87 30 0 0 0 0 24 26 0 61 0 0 7 20 35 50 0 0 17 89 80 64 26 0 0 85 23 0 6 48 57 20 70 30 39 46 0 6 24 33 54 58 0 0 0 61 63 71 55 80 40 0 0 0 0 23 20 52 59 28 88 72 86
39 38 26 30 41 32 19 28 35 64 0 57 25 27 57 47 20 44 50 42 2 64 62 49 56 69 58 71 40 68 0 26 52 70 27 0 0 3 13 23 38 46 71 0 0 34 53 43 22 0 60 72 66 19 33 84 0 61 69 47 0 7 41 52 54 49 2 13 10 0 10 36 46 54 5 0 0 0 28 90 50 58 74 66 12 0 0 0 85 88 86 79 87 86 91 90
0 51 35 30 14 44 59 31 6 21 0 25 47 60 52 1 0 40 52 57 54 29 12 43 56 58 24 41 8 59 10 48 72 37 24 0 0 7 0 0 0 6 52 1 0 23 51 13 20 4 89 14 22 0 12 80 0 60 68 61 13 18 43 30 54 0 0 0 0 12 34 31 62 18 0 0 0 0 72 89 21 42 71 81 41 0 0 0 63 65 31 10 47 16 56 80
9 29 18 27 2 0 0 0 26 35 0 0 0 48 44 0 0 34 40 34 60 0 0 36 54 26 0 4 42 35 23 76 56 8 0 0 0 0 0 0 0 0 7 19 1 40 46 53 61 50 51 0 0 0 29 42 0 30 49 10 0 21 44 14 42 0 0 5 14 27 33 35 47 0 0 0 0 52 68 50 2 18 23 44 78 0 0 0 20 87 26 0 0 0 0 26
0 0 0 0 0 0 2 34 48 0 0 33 59 64 70 28 0 0 29 34 56 2 0 42 55 1 0 2 47 17 50 42 0 0 0 0 0 0 0 0 0 0 16 15 1 29 36 33 47 41 39 0 0 16 53 0 0 43 68 11 0 20 40 15 46 0 0 16 31 33 34 50 60 7 0 0 0 60 40 19 1 8 25 52 58 0 0 0 0 70 77 1 0 0 0 0
0 0 0 0 0 33 45 22 0 0 48 63 48 49 63 63 5 0 39 11 55 2 0 39 28 0 0 12 28 46 45 37 0 0 0 0 0 9 0 0 1 20 25 1 0 9 24 53 35 43 0 0 17 51 32 0 0 72 67 53 17 17 37 28 48 6 0 2 8 17 25 46 71 50 0 0 0 86 69 9 0 9 47 84 47 13 0 0 0 10 88 21 8 0 0 0
0 0 17 37 44 35 9 17 34 36 59 17 0 0 32 60 53 5 24 0 32 7 0 29 0 0 0 33 31 24 52 48 0 0 0 0 2 41 0 0 0 11 36 0 0 0 2 39 49 11 0 0 37 73 28 16 48 55 51 46 8 16 32 48 54 7 0 0 0 6 14 26 69 53 0 0 0 86 35 31 0 12 57 86 86 50 0 0 0 0 80 83 76 21 12 0
0 14 35 46 2 20 47 56 61 44 31 0 0 0 0 40 63 11 7 0 4 0 0 1 0 0 17 56 49 5 19 46 34 13 0 0 0 50 25 0 8 31 38 13 0 0 0 14 20 0 0 5 62 71 70 85 84 34 46 16 4 19 36 38 22 0 0 0 7 26 33 51 57 57 0 0 44 59 4 12 0 16 34 21 54 77 0 0 0 0 8 63 66 84 57 18
30 46 55 17 13 60 33 20 57 57 42 0 0 0 16 48 56 24 0 0 0 0 0 0 0 20 40 54 22 0 0 31 20 16 0 0 40 33 37 40 52 54 58 58 10 0 0 0 0 0 0 52 78 86 65 38 48 29 55 6 0 7 27 18 3 0 0 0 6 63 81 74 56 68 0 0 48 87 60 25 1 5 1 4 44 43 11 53 26 0 0 19 81 77 37 32
47 49 54 32 62 30 1 12 58 32 7 1 0 0 0 37 17 0 0 0 0 0 0 0 0 40 51 52 0 0 0 1 0 0 2 6 63 27 22 70 80 63 77 50 1 0 0 0 0 0 33 70 72 47 9 6 45 55 50 13 0 0 7 13 24 33 7 0 64 45 0 0 3 10 0 0 0 88 47 19 0 0 0 31 36 34 61 87 84 4 0 42 76 46 7 11
16 28 47 61 54 2 0 30 64 44 2 0 0 0 0 13 0 27 10 0 0 0 0 0 0 36 38 50 0 0 0 0 0 29 63 72 90 0 0 70 47 24 76 10 0 0 26 38 46 44 47 44 31 6 0 6 43 38 12 5 12 22 21 14 31 42 70 74 31 0 0 28 0 13 50 20 0 72 47 0 0 0 13 41 24 63 71 32 87 40 0 56 75 12 0 0
9 37 55 61 46 0 11 41 53 37 0 20 20 0 0 39 60 71 15 4 24 20 11 19 30 44 52 60 42 0 0 19 46 78 81 37 26 0 0 31 62 65 48 3 0 0 35 20 31 39 42 2 0 0 10 27 29 15 9 33 47 71 66 60 64 62 15 0 0 39 86 81 60 76 75 30 0 73 64 22 4 1 33 50 35 57 7 11 78 50 0 79 57 6 0 0
25 36 19 22 42 0 24 13 31 43 43 49 23 28 58 86 80 61 55 58 69 31 7 4 34 14 40 71 85 66 40 51 63 75 86 71 37 0 0 68 74 31 13 6 0 7 21 0 0 12 35 0 0 0 3 0 15 46 46 61 56 35 50 55 6 0 0 0 55 87 48 32 54 28 32 56 18 69 23 10 10 15 44 34 43 47 0 0 16 80 0 81 59 20 0 0
0 0 0 3 31 0 1 0 11 60 70 60 70 90 80 47 94 68 75 68 75 73 62 54 36 6 29 81 80 88 71 60 65 89 87 77 80 0 0 44 76 39 0 0 0 2 0 0 0 4 31 0 0 0 0 0 29 56 79 67 16 0 1 30 56 81 84 67 88 41 7 24 44 0 17 57 42 35 0 0 0 7 22 4 33 21 0 0 40 76 0 62 70 32 0 0
0 0 0 0 0 0 0 23 32 71 59 61 48 28 0 47 92 86 80 90 89 61 58 50 42 32 43 59 88 79 76 85 76 83 37 0 0 0 0 22 74 67 13 0 0 9 0 0 0 25 25 0 0 0 0 18 49 16 55 68 83 54 71 24 23 50 70 74 67 12 0 20 20 0 36 62 14 79 6 0 0 0 3 5 23 0 0 15 77 52 0 30 78 34 5 0
0 0 0 0 8 35 56 74 88 80 0 0 0 0 0 27 80 66 30 76 91 87 62 18 14 11 17 24 52 77 80 64 38 12 0 0 0 0 0 0 56 57 43 1 0 1 0 0 0 19 4 0 0 12 15 7 6 50 61 65 24 69 64 0 19 43 48 64 56 6 0 3 0 0 50 76 47 44 82 67 34 4 0 0 0 0 4 46 70 79 30 28 84 46 10 0
1 0 0 18 47 67 72 30 0 0 0 0 0 0 0 0 0 0 0 0 0 17 78 71 43 31 23 32 16 33 61 80 34 14 21 13 0 0 0 0 82 41 58 4 0 0 0 0 0 0 0 0 12 9 3 35 57 47 18 14 2 26 63 25 13 19 17 50 48 0 0 0 0 10 56 48 67 55 30 84 72 14 1 0 0 7 35 55 46 52 76 18 81 53 12 0
0 0 0 40 51 36 0 0 40 76 88 84 84 75 17 0 0 0 0 0 0 0 0 86 88 89 90 94 81 63 49 44 53 58 73 91 46 0 0 0 42 62 67 5 0 0 0 0 0 0 0 11 40 38 25 34 51 42 3 10 10 12 50 26 0 0 0 0 0 0 0 0 6 42 52 4 18 0 46 73 10 0 0 0 1 6 8 22 20 6 62 34 63 52 16 0
0 17 72 76 20 26 79 82 79 67 30 34 44 66 89 79 69 70 15 0 0 0 0 0 0 0 0 12 83 86 91 58 25 49 75 83 32 0 0 0 0 0 70 10 0 0 0 0 0 0 25 41 18 0 2 32 48 46 19 24 11 6 50 11 0 0 0 0 0 0 0 3 23 54 28 0 0 78 82 47 60 11 0 0 0 0 0 3 0 0 37 49 59 66 0 0
