models/BlackGrouse/Inputs/BlackGrouse_SDMpredictions2070.asc
NCOLS 349 
NROWS 221 
XLLCORNER 485000 
YLLCORNER 75000 
CELLSIZE 1000 
NODATA_value -1 
[rows 140 to 209 of 221, columns 96 to 191 of 349]
0 19 43 40 46 33 0 29 44 40 33 25 0 0 0 0 0 10 41 50 31 4 28 0 34 60 66 65 63 27 0 0 0 0 0 0 0 0 70 68 46 0 0 0 46 67 54 51 53 56 70 52 32 0 0 34 55 42 12 3 0 1 2 2 0 0 0 0 0 2 0 0 0 28 43 30 7 14 38 46 38 55 66 60 54 52 66 70 59 32 56 59 39 19 7 43
0 31 41 26 34 41 37 44 36 15 13 11 0 0 0 0 0 30 47 56 49 42 45 7 16 58 63 68 56 6 0 0 0 0 38 0 0 4 72 64 72 39 21 15 24 62 57 47 64 54 40 28 1 0 0 22 57 8 1 1 1 0 1 1 0 0 1 0 0 0 0 0 3 17 22 2 2 25 44 50 53 59 53 41 57 67 72 53 17 6 51 68 52 35 54 26
12 32 35 11 0 42 37 38 25 0 0 0 0 0 0 0 11 44 51 56 47 47 61 35 5 38 57 60 29 0 0 0 0 46 69 0 0 0 46 73 67 61 55 56 41 36 66 53 58 40 28 28 31 25 0 9 66 22 0 1 0 0 0 0 6 0 0 0 0 2 0 0 0 7 8 0 18 27 29 34 29 35 40 57 68 75 56 24 0 3 32 50 61 62 60 21
25 11 30 11 0 36 39 14 0 0 0 0 0 0 0 0 3 30 46 24 12 26 48 59 42 48 63 40 6 0 0 0 25 57 69 23 0 0 31 58 63 63 68 66 61 40 60 52 48 38 54 68 54 34 0 41 62 38 20 2 0 0 11 19 5 0 0 2 0 9 7 0 0 0 0 0 5 0 17 50 34 53 59 71 69 57 15 4 14 50 52 52 50 46 54 52
0 0 31 10 0 41 26 0 0 0 0 0 26 7 0 0 0 0 6 0 37 28 32 51 65 66 50 15 0 0 0 0 41 55 67 40 0 0 44 70 58 62 58 55 55 66 58 53 33 51 48 57 46 24 14 60 42 8 0 1 3 0 6 28 29 11 1 0 5 8 10 11 4 0 0 0 0 0 25 64 62 69 68 71 42 8 0 7 51 71 64 67 63 65 57 62
0 0 26 0 0 26 0 0 0 0 26 22 46 16 0 0 0 0 0 16 38 48 63 60 67 68 36 19 0 0 0 9 45 62 68 45 0 0 32 52 59 45 65 52 32 42 53 53 28 41 47 64 49 48 59 52 8 3 0 1 0 2 8 18 39 39 5 0 0 0 10 14 13 26 4 0 0 2 12 60 56 66 58 15 0 0 6 36 58 62 46 46 59 50 61 67
0 0 0 0 0 0 0 0 0 18 40 35 47 17 0 0 0 0 0 3 36 56 59 66 61 45 46 17 0 0 0 42 61 68 59 11 0 0 0 23 13 6 66 40 12 5 8 30 38 47 48 58 63 66 53 10 2 1 3 0 0 8 17 22 39 42 46 0 0 1 0 0 13 48 0 5 2 47 59 60 72 26 16 3 1 7 49 50 46 60 69 29 34 52 66 66
0 0 0 0 0 0 0 0 5 40 36 38 42 31 0 0 0 0 0 9 35 48 62 67 32 7 4 0 0 0 0 43 59 68 60 2 0 0 26 49 60 56 63 29 2 9 24 33 28 32 24 38 49 34 4 2 0 2 0 0 3 11 10 12 24 52 63 18 0 1 0 0 44 56 0 29 59 49 65 75 58 5 0 7 19 59 79 74 75 54 65 60 53 60 66 65
0 0 0 0 0 0 0 0 0 0 0 0 0 29 26 36 15 0 0 0 43 54 71 54 20 25 0 0 0 10 13 52 63 67 32 0 0 51 76 65 48 47 44 17 26 47 42 34 25 10 3 6 1 6 9 2 7 0 0 0 3 1 0 1 3 34 66 53 16 0 0 15 63 62 1 48 68 71 68 44 8 0 0 26 57 76 57 53 63 61 65 66 58 69 65 64
0 6 5 9 0 0 0 0 0 0 0 22 14 33 43 37 37 0 0 0 0 43 66 59 40 33 4 17 0 44 62 58 55 34 10 0 18 69 54 42 25 4 23 39 51 50 35 19 11 7 16 22 9 44 39 24 19 19 6 0 2 0 0 4 0 8 62 64 52 0 28 61 54 57 15 49 67 51 46 6 0 0 24 66 64 64 51 56 69 68 62 58 72 65 68 68
46 52 40 4 0 0 0 0 0 0 16 45 48 12 64 43 44 0 0 0 0 18 47 64 35 27 25 22 0 48 55 47 68 23 59 40 0 29 54 78 63 28 55 52 61 40 17 6 15 29 37 55 31 53 55 48 48 28 0 0 0 0 0 3 0 0 34 61 56 5 41 56 46 59 52 65 67 41 10 4 0 7 46 70 66 72 45 53 58 60 66 68 64 70 68 0
56 43 27 0 0 0 0 0 0 0 49 49 68 19 60 56 26 0 0 0 0 18 43 43 26 43 47 42 20 52 67 63 55 46 48 52 63 35 33 25 52 80 46 45 52 14 15 22 39 48 40 57 49 58 71 64 48 0 0 6 3 0 0 3 35 11 26 64 63 31 61 63 28 66 67 73 48 11 4 2 28 55 47 79 55 54 36 48 64 68 62 61 40 0 0 0
55 31 20 1 0 0 0 11 0 0 58 55 67 39 52 43 22 1 0 0 0 0 43 52 53 53 66 64 51 60 61 65 57 60 48 69 52 55 68 69 30 39 39 59 28 15 38 58 47 59 67 62 71 52 57 52 22 0 0 10 36 3 0 0 9 51 60 61 62 59 68 64 13 33 72 56 12 5 0 28 68 70 50 62 55 47 29 35 52 70 0 0 0 0 0 0
56 44 21 6 2 0 0 34 0 0 18 48 60 50 52 36 40 34 0 0 0 0 15 46 51 66 67 64 59 74 57 56 66 58 62 64 33 17 31 52 64 70 53 38 29 39 56 64 70 71 49 45 62 65 52 25 21 28 2 31 44 0 0 0 0 53 59 60 65 55 71 55 6 2 0 10 6 4 24 71 73 67 79 51 59 13 7 14 61 0 0 0 0 0 0 0
44 53 41 47 42 0 0 10 19 0 0 10 40 52 52 38 42 29 0 0 0 0 0 22 50 66 64 65 66 61 50 52 63 63 53 53 26 3 0 37 53 37 26 42 56 69 73 63 36 42 46 56 56 29 5 7 19 34 30 48 52 6 0 11 42 66 53 61 57 56 74 44 5 0 0 5 10 38 70 86 68 61 62 76 64 11 9 34 0 0 0 0 0 0 0 0
44 70 45 36 24 0 0 4 27 0 0 0 26 40 53 44 41 20 0 0 33 5 0 32 68 59 46 40 44 45 40 51 65 63 40 23 31 20 15 35 45 47 52 64 29 64 40 19 36 68 67 48 15 0 0 0 0 13 32 38 54 55 41 59 66 56 51 63 57 69 71 19 1 0 0 6 38 84 90 68 65 50 30 42 43 27 0 0 0 0 0 0 0 0 0 0
41 52 28 14 5 0 0 4 24 1 0 0 36 43 54 44 36 36 20 7 45 51 36 58 55 43 18 35 38 43 53 53 63 55 43 39 58 58 50 35 54 64 65 56 22 0 0 40 66 62 30 8 1 2 2 0 0 0 3 14 29 64 63 56 50 54 63 67 70 73 46 5 0 0 0 20 83 86 83 84 62 46 31 35 20 17 32 0 0 0 0 0 0 0 0 0
43 42 4 38 30 0 0 0 39 26 0 0 47 65 64 47 55 45 34 27 60 64 68 66 54 34 15 37 51 55 64 61 60 71 73 65 60 64 47 42 54 65 56 8 0 0 36 67 62 29 0 4 12 16 15 10 14 0 10 36 48 64 40 32 48 74 62 63 68 42 8 0 0 0 31 54 68 76 79 63 71 68 64 68 58 49 40 0 0 0 0 0 0 0 0 0
44 27 28 45 34 0 0 13 47 40 24 22 47 60 67 64 58 47 56 62 60 51 52 52 49 43 38 23 41 49 51 50 43 16 43 52 65 54 38 45 58 67 52 0 23 52 79 58 26 8 0 4 23 55 26 24 56 3 59 75 75 62 19 49 66 63 39 37 17 8 6 0 0 0 13 69 80 83 72 77 80 80 81 73 67 56 28 0 0 0 0 0 0 0 0 0
50 32 39 35 0 0 0 22 62 64 50 43 57 66 55 63 60 63 60 60 53 42 43 44 42 43 34 27 32 34 39 51 21 0 26 63 57 38 44 43 51 66 49 0 80 79 41 17 29 41 19 9 34 63 44 26 60 32 75 67 72 56 19 55 37 32 10 5 5 4 5 0 0 0 28 70 90 83 70 85 73 71 80 78 74 61 55 0 0 0 0 0 0 0 0 0
53 44 33 0 0 5 19 28 72 56 59 57 56 55 53 45 53 61 54 51 49 47 43 42 40 44 47 48 39 39 55 54 2 0 54 64 48 52 55 44 58 66 36 0 72 50 20 16 39 57 45 25 57 56 44 24 54 62 74 65 44 27 17 49 9 4 2 2 3 4 0 0 33 4 14 59 43 28 30 55 66 74 73 69 75 83 0 0 0 0 0 0 0 0 0 0
41 36 10 0 20 64 62 53 67 59 62 64 53 38 38 51 62 56 51 49 48 48 47 42 31 58 57 57 51 46 64 25 0 30 54 67 54 62 60 46 45 66 53 0 66 53 46 40 47 45 44 44 32 62 29 22 49 68 76 40 0 9 21 43 7 0 0 2 0 0 0 50 79 67 5 0 10 54 59 66 82 60 58 0 0 0 0 0 0 0 0 0 0 0 0 0
3 16 24 31 44 61 65 57 60 51 55 53 38 16 41 45 58 39 45 55 64 57 58 52 53 58 58 62 67 58 65 24 0 12 51 64 63 60 60 51 58 76 41 0 61 63 52 55 60 50 53 41 20 54 68 33 58 45 76 39 0 8 23 10 2 0 0 0 38 54 46 88 73 83 62 6 53 80 86 73 74 63 60 0 0 0 0 0 0 0 0 0 0 0 0 0
32 65 71 63 57 55 63 61 63 44 44 46 26 34 45 45 50 59 50 41 58 56 63 59 58 64 52 44 57 63 61 39 0 0 15 53 64 61 68 74 71 63 8 0 62 71 73 72 58 53 70 60 20 52 78 46 64 30 66 48 7 7 0 0 5 6 7 26 67 71 72 69 86 83 62 20 56 88 69 66 63 69 68 0 0 0 0 0 0 0 0 0 0 0 0 0
66 58 53 65 62 54 61 58 62 50 47 48 49 42 45 48 57 60 47 0 35 59 62 59 52 42 34 0 14 38 23 32 0 0 0 31 51 28 44 52 49 38 0 0 56 56 45 52 29 38 65 67 16 37 76 70 66 20 56 35 2 0 0 0 1 11 16 68 82 49 61 76 77 83 70 50 57 83 61 50 0 0 0 0 0 0 0 0 0 0 0 0 0 0 0 0
54 45 43 54 54 62 58 57 58 51 50 55 55 50 48 50 60 62 43 0 35 58 53 27 5 0 0 0 0 0 0 0 0 0 0 0 0 0 0 0 0 8 0 0 0 8 15 12 11 18 21 19 10 12 47 53 52 15 11 4 0 0 0 0 0 17 60 72 66 64 71 71 78 78 69 70 71 78 50 50 0 0 0 0 0 0 0 0 0 0 0 0 0 0 0 0
51 42 44 46 49 55 56 56 51 61 63 56 58 58 58 58 59 46 3 0 8 18 0 0 0 0 0 0 0 0 0 0 0 0 0 0 0 0 0 0 0 0 0 0 0 0 0 0 0 0 0 0 7 8 16 20 11 0 0 0 0 0 0 0 0 11 66 71 72 69 68 66 60 65 70 65 59 66 54 0 0 0 0 0 0 0 0 0 0 0 0 0 0 0 0 69
35 49 51 52 56 57 58 58 44 46 48 56 58 54 56 52 41 0 0 0 0 0 0 0 0 0 0 0 0 0 0 0 0 0 0 0 0 0 0 0 0 0 0 0 0 0 0 0 0 0 0 0 0 0 6 4 0 0 0 0 0 0 0 0 0 20 45 56 69 76 72 63 53 56 72 60 34 52 62 0 0 0 0 0 0 0 0 0 0 0 0 0 0 0 0 78
48 52 46 55 54 56 58 55 57 17 2 58 59 48 45 0 0 0 0 0 0 0 0 0 0 0 0 0 0 0 0 0 0 0 0 0 0 0 0 0 0 0 0 0 0 0 0 0 0 0 0 0 0 0 0 0 0 0 0 0 0 0 0 0 0 0 9 28 52 74 68 55 54 60 60 61 53 0 0 0 0 0 0 0 0 0 0 0 0 0 0 0 0 0 0 75
55 28 10 24 52 60 60 58 57 17 0 52 57 32 17 0 0 0 0 0 0 0 0 0 0 0 0 0 0 0 0 0 0 0 0 0 0 0 0 0 0 0 0 0 0 0 0 0 0 0 0 0 0 0 0 0 0 0 0 0 44 48 3 0 0 0 26 44 49 72 62 58 0 0 0 0 0 0 0 0 0 0 0 0 0 0 0 0 0 0 0 0 0 0 0 80
50 16 0 6 52 58 57 56 31 4 0 38 32 0 0 0 0 0 0 0 0 0 0 0 0 0 0 0 0 0 8 14 0 0 0 0 0 0 0 0 0 41 51 40 8 0 0 0 0 0 0 0 0 0 0 0 14 23 0 38 74 67 32 6 0 36 55 80 83 82 65 71 0 0 0 0 0 0 0 0 0 0 0 0 0 0 0 0 0 0 0 0 0 0 0 0
53 37 39 0 35 64 60 42 4 0 0 0 0 0 0 0 0 0 0 0 0 0 0 0 0 0 0 0 0 2 37 48 39 23 55 48 44 55 17 0 31 82 80 70 36 8 4 0 0 0 3 0 0 0 0 0 57 80 0 46 75 65 45 49 17 49 81 78 51 58 73 0 0 0 0 0 0 0 0 0 0 0 0 0 0 0 0 0 0 0 0 0 0 0 0 0
42 61 55 0 21 61 50 4 0 0 0 0 0 0 0 0 0 0 0 0 0 0 0 0 0 0 0 0 0 0 39 67 71 69 78 71 75 80 57 0 27 81 53 80 68 37 51 32 13 31 34 8 0 0 0 0 47 74 42 71 63 66 69 73 59 61 82 56 39 0 0 0 0 0 0 0 0 0 0 0 0 0 0 0 0 0 0 0 0 0 0 0 0 0 0 0
59 64 53 0 0 53 17 0 0 0 0 0 0 0 0 0 0 0 0 0 0 0 0 0 0 0 0 0 0 0 43 61 74 63 54 57 49 56 82 23 39 80 42 62 68 71 82 80 68 62 53 0 0 0 0 8 52 72 47 63 64 65 68 63 54 60 73 60 43 26 24 0 0 0 0 0 0 0 0 0 0 0 0 0 0 0 0 0 0 0 0 0 0 0 0 0
54 58 60 0 0 0 0 0 0 0 0 0 0 0 0 0 0 0 0 0 0 0 0 0 0 4 0 0 0 0 4 46 81 55 48 40 46 63 76 45 53 73 43 54 73 72 48 71 88 44 31 0 0 0 0 0 54 75 49 57 72 68 62 48 56 81 71 57 18 3 8 68 0 0 0 0 0 0 0 0 0 0 0 0 0 0 0 0 0 0 0 0 0 0 0 0
49 54 56 13 0 0 0 0 0 0 0 0 0 0 0 0 0 0 0 0 0 0 0 0 3 46 32 18 0 0 3 66 72 60 53 39 48 50 63 65 53 63 30 49 58 49 33 58 76 34 4 0 0 0 14 8 57 72 67 59 65 69 52 42 62 66 52 58 13 28 38 64 68 0 0 0 0 0 0 0 0 0 0 0 0 0 0 0 0 0 0 0 0 0 0 0
44 45 34 0 0 0 0 0 0 0 0 0 0 0 0 0 0 0 0 0 0 30 45 6 4 73 74 40 0 0 0 42 68 77 57 47 38 49 74 54 55 63 38 34 50 54 60 74 53 14 5 0 0 0 23 58 80 61 84 66 68 73 51 42 51 60 77 71 47 62 64 70 63 73 0 0 0 0 0 0 0 0 0 0 0 0 0 0 0 0 0 0 0 0 0 0
0 0 0 0 0 0 0 0 0 0 0 0 0 0 0 0 0 0 0 28 41 58 82 55 30 72 70 70 2 0 0 0 43 74 62 54 48 55 79 49 69 64 49 27 45 55 58 49 18 8 7 0 0 0 13 74 74 50 63 68 61 63 65 59 34 31 83 84 61 79 74 88 83 87 0 0 0 0 0 0 0 0 0 0 0 0 0 0 0 0 0 0 0 0 0 0
0 0 0 0 0 0 0 0 0 0 0 0 0 0 0 0 0 0 0 32 60 70 70 68 52 80 63 70 37 0 0 8 58 69 62 51 47 65 76 46 82 55 38 27 54 48 55 24 8 7 6 33 41 0 9 60 89 46 55 69 61 58 63 77 66 15 57 84 79 84 45 45 47 52 15 0 0 0 0 0 0 0 0 0 0 0 0 0 0 0 0 0 0 0 0 0
0 0 0 0 0 0 0 0 0 0 0 0 0 0 0 0 0 0 0 22 47 72 68 67 61 64 54 73 55 0 0 11 72 64 56 42 39 66 66 66 67 44 29 33 42 56 54 10 6 1 0 64 81 10 0 54 91 43 30 46 56 35 60 73 66 38 16 44 72 68 10 5 0 0 0 0 0 0 0 0 0 0 0 0 0 0 0 0 0 0 0 0 0 0 0 0
0 0 0 0 0 0 0 0 0 0 0 0 14 24 20 0 0 0 0 3 30 81 71 61 69 53 52 69 63 4 0 7 71 58 56 43 42 65 65 73 51 28 24 46 44 58 36 5 0 0 25 90 80 50 0 42 90 53 42 40 31 11 54 74 73 59 34 1 13 23 22 42 0 0 8 15 0 0 0 0 0 0 0 0 0 0 0 0 0 0 0 0 0 0 0 0
0 0 0 0 0 0 0 0 0 0 0 0 37 56 45 0 0 0 0 0 50 83 56 57 56 44 56 73 46 0 0 0 52 75 57 42 39 62 65 80 49 19 22 35 36 55 7 0 0 16 80 62 62 69 14 25 84 64 56 38 22 3 15 44 67 78 80 7 4 37 61 50 0 33 82 83 0 0 0 0 0 0 0 0 0 0 0 0 0 0 0 0 0 0 0 0
0 0 0 0 0 0 0 0 0 0 0 6 40 71 45 0 0 0 0 0 44 80 56 53 48 42 54 76 42 0 14 0 22 76 58 43 27 53 72 63 38 14 12 23 44 43 0 0 10 50 69 35 59 73 49 9 66 77 55 44 29 1 0 1 39 71 74 18 44 66 49 6 16 63 81 0 0 0 0 0 0 0 0 0 0 0 0 0 0 0 0 0 0 0 0 0
0 0 0 0 0 24 46 52 30 0 6 53 74 78 38 0 0 0 0 0 15 74 69 52 38 38 45 72 44 52 70 35 4 69 67 52 29 44 63 52 35 11 22 32 53 19 0 8 76 76 62 28 56 68 82 38 30 82 69 48 10 2 0 7 49 74 59 34 68 70 18 2 45 65 70 0 0 0 0 0 0 0 0 0 0 0 0 0 0 0 0 0 0 0 0 0
0 0 0 0 0 9 64 76 55 1 35 74 73 73 30 0 0 2 0 0 0 45 74 69 55 46 59 59 65 75 57 72 24 42 62 40 18 39 60 50 20 4 13 30 54 10 0 28 84 77 56 22 34 37 47 72 19 60 83 44 23 11 0 14 61 73 44 59 78 82 19 40 71 70 77 0 0 0 0 0 0 0 0 0 0 0 0 0 0 0 0 0 0 0 0 0
0 0 0 0 0 0 42 65 72 14 49 74 61 74 39 0 30 72 39 0 0 5 55 74 53 44 48 49 70 74 52 72 49 18 84 44 6 18 45 32 21 6 12 26 51 14 0 74 54 53 51 12 0 0 45 68 24 47 90 58 49 26 3 26 66 74 78 85 77 66 20 68 79 78 75 0 0 0 0 0 0 0 0 0 0 0 0 0 0 0 0 0 0 0 0 0
0 2 29 0 0 32 44 75 69 34 72 68 58 73 43 0 46 80 82 33 0 0 49 75 57 30 42 51 68 73 45 67 65 0 64 52 10 10 14 8 12 12 7 20 53 12 0 74 40 16 23 4 0 0 45 62 28 21 78 78 57 24 1 3 50 62 69 67 68 64 61 81 76 73 0 0 0 0 0 0 0 0 0 0 0 0 0 0 0 0 0 0 0 0 0 0
19 60 64 48 36 72 64 66 70 39 74 56 54 72 45 17 53 73 64 68 35 0 14 53 72 58 45 63 72 73 36 50 63 0 50 60 26 11 6 3 5 0 0 0 48 24 0 76 41 6 0 0 0 0 23 61 45 0 68 80 51 12 2 0 28 30 53 62 78 59 80 82 0 0 0 0 0 0 0 0 0 0 0 0 0 0 0 0 0 0 0 0 0 0 0 0
71 72 57 58 59 71 63 67 68 52 75 54 46 66 57 18 54 64 57 76 51 7 0 6 65 74 48 48 69 71 40 24 67 23 54 60 50 22 5 0 0 0 0 20 50 10 17 83 47 5 0 0 0 0 29 53 48 0 58 67 40 12 8 8 9 34 64 73 68 72 78 86 0 0 0 0 0 0 0 0 0 0 0 0 0 0 0 0 0 0 0 0 0 0 0 0
59 41 0 41 59 65 56 72 67 71 77 53 38 56 79 28 57 64 53 73 55 45 1 0 12 58 66 45 60 72 51 27 51 46 66 61 39 22 6 0 0 0 9 45 47 0 26 81 43 0 0 0 0 0 45 59 0 12 50 78 56 52 42 20 11 40 64 76 77 79 81 0 0 0 0 0 0 0 0 0 0 0 0 0 0 0 0 0 0 0 0 0 0 0 0 0
27 0 0 0 56 61 49 56 67 61 71 57 36 43 68 51 49 74 56 71 73 76 40 0 0 43 75 48 42 58 61 35 61 59 52 70 56 39 16 3 0 0 3 49 43 0 29 84 17 0 0 0 0 2 47 50 42 59 42 65 77 69 59 36 8 22 65 79 0 0 0 0 0 0 0 0 0 0 0 0 0 0 0 0 0 0 0 0 0 0 0 0 0 0 0 0
0 0 0 0 55 73 52 50 50 40 53 57 42 42 57 68 47 71 54 67 53 59 65 9 0 38 71 58 45 43 54 32 52 69 49 66 55 46 24 0 0 0 0 46 49 0 44 76 24 0 0 0 0 26 50 62 88 74 61 53 81 59 56 45 18 54 0 0 0 0 0 0 0 0 0 0 0 0 0 0 0 0 0 0 0 0 0 0 0 0 0 0 0 0 0 0
0 0 0 20 61 71 66 51 40 26 35 51 41 38 52 68 64 62 38 53 44 72 61 7 0 2 62 75 57 27 38 22 25 56 63 37 24 24 12 0 10 34 44 59 35 4 58 69 28 0 0 0 0 12 37 64 56 46 71 57 86 53 37 33 24 0 0 0 0 0 0 0 0 0 0 0 0 0 0 0 0 0 0 0 0 0 0 0 0 0 0 0 0 0 0 0
0 0 0 0 43 60 64 55 42 34 31 41 25 39 52 64 59 27 13 24 42 70 53 10 13 19 35 69 53 18 9 10 21 53 54 22 9 7 0 0 23 47 51 55 9 4 67 62 21 4 0 0 0 0 16 44 40 46 70 61 87 74 50 23 33 0 0 0 0 0 0 0 0 0 0 0 0 0 0 0 0 0 0 0 0 0 0 0 0 0 0 0 0 0 0 0
0 0 0 0 0 36 64 59 49 46 33 32 18 39 56 69 56 17 10 18 38 62 65 32 77 64 42 54 62 33 6 7 16 48 52 27 9 0 0 0 10 35 38 58 8 4 67 77 50 25 4 0 0 0 6 15 21 46 71 56 61 68 61 36 34 0 0 0 0 0 0 0 0 0 0 0 0 0 0 0 0 0 0 0 0 0 0 0 0 0 0 0 0 0 0 0
5 0 0 0 0 0 29 70 59 56 45 41 21 43 56 65 58 28 15 21 56 68 52 52 66 45 70 48 70 44 16 7 9 30 49 37 17 0 0 0 0 7 13 52 6 17 84 78 69 39 11 0 0 0 2 3 20 50 65 64 60 49 67 50 30 0 0 0 0 0 0 0 0 0 0 0 0 0 0 0 0 0 0 0 0 0 0 0 0 0 0 0 0 0 0 0
42 6 0 0 0 0 0 49 64 62 54 42 23 31 46 65 65 32 19 31 64 84 43 63 60 23 47 51 56 52 28 9 6 24 30 35 17 0 6 8 16 16 34 47 9 56 63 55 72 60 26 2 0 0 0 2 17 43 69 65 59 39 58 60 37 58 0 0 0 0 0 0 0 0 0 0 0 0 0 0 0 0 0 0 0 0 0 0 0 0 0 0 0 0 0 0
64 40 10 34 37 8 5 8 38 63 58 51 36 14 47 65 71 41 20 24 60 83 44 68 46 13 38 61 64 55 28 8 0 7 19 9 0 0 12 34 44 38 52 29 37 88 44 31 51 63 44 12 0 0 3 0 6 37 70 65 60 33 22 51 62 0 0 0 0 0 0 0 0 0 0 0 0 0 0 0 0 0 0 0 0 0 0 0 0 0 0 0 0 0 0 0
67 54 47 64 65 56 45 24 22 27 61 62 42 13 36 57 62 55 30 34 60 77 49 82 45 12 50 62 54 55 30 8 0 0 1 2 15 3 8 34 50 52 28 0 42 86 46 18 32 47 42 12 0 0 1 0 3 45 58 66 68 61 49 37 0 0 0 0 0 0 0 0 0 0 0 0 0 0 0 0 0 0 0 0 0 0 0 0 0 0 0 0 0 0 0 0
75 62 71 56 62 71 64 53 70 37 8 60 57 8 23 43 38 49 40 54 58 68 54 77 32 8 32 41 42 51 24 0 2 9 7 7 34 23 20 27 46 50 0 0 61 78 39 33 26 24 26 3 0 0 0 0 8 38 51 71 61 54 59 52 0 0 0 0 0 0 0 0 0 0 0 0 0 0 0 0 0 0 0 0 0 0 0 0 0 0 0 0 0 0 0 0
79 65 48 44 56 71 61 66 65 66 32 32 61 10 11 11 25 39 41 52 60 74 59 60 22 9 21 24 17 20 10 8 34 17 23 43 53 55 64 66 62 42 0 24 70 79 81 63 59 49 32 11 0 0 0 2 14 33 46 67 60 52 45 53 0 0 0 0 0 0 0 0 0 0 0 0 0 0 0 0 0 0 0 0 0 0 0 0 0 0 0 0 0 0 0 0
53 68 54 39 52 57 54 64 57 56 59 34 67 43 23 12 27 32 20 19 41 51 65 66 40 24 14 14 8 8 10 7 47 40 49 57 52 55 60 60 53 34 40 70 84 74 69 64 58 48 38 23 11 1 3 4 4 18 35 54 61 54 61 0 0 0 0 0 0 0 0 0 0 0 0 0 0 0 0 0 0 0 0 0 0 0 0 0 0 0 0 0 0 0 0 0
58 72 58 41 39 41 32 54 53 43 65 60 57 53 19 14 10 7 6 8 12 31 52 66 50 34 12 11 13 7 12 20 36 48 62 64 63 66 65 74 72 44 69 73 68 58 41 40 34 26 16 14 9 0 4 4 13 35 50 65 0 61 0 0 0 0 0 0 0 0 0 0 0 0 0 0 0 0 0 0 0 0 0 0 0 0 0 0 0 0 0 0 0 0 0 0
31 68 71 56 30 8 8 41 50 35 45 64 52 58 14 10 6 6 5 4 6 19 39 53 43 51 17 13 6 0 2 26 45 54 33 11 18 39 49 62 69 62 67 57 55 45 37 31 21 10 4 4 1 0 3 0 0 0 0 0 0 0 0 0 0 0 0 0 0 0 0 0 0 0 0 0 0 0 0 0 0 0 0 0 0 0 0 0 0 0 0 0 0 0 0 0
13 48 77 59 41 6 5 23 43 16 29 66 49 59 20 7 5 12 4 4 13 38 23 16 22 45 21 16 0 3 3 6 12 22 23 9 9 27 46 49 50 59 72 64 66 61 61 58 43 27 14 3 0 0 23 0 0 0 0 0 0 0 0 0 0 0 0 0 0 0 0 0 0 0 0 0 0 0 0 0 0 0 0 0 0 0 0 0 0 0 0 0 0 0 0 0
17 39 67 54 21 6 6 21 33 9 16 66 46 63 46 15 15 20 6 2 18 14 16 12 23 45 37 32 0 0 10 0 0 17 26 0 23 23 33 24 32 43 62 65 71 65 63 65 48 26 15 4 0 10 0 0 0 0 0 0 0 0 0 0 0 0 0 0 0 0 0 0 0 0 0 0 0 0 0 0 0 0 0 0 0 0 0 0 0 0 0 0 0 0 0 0
24 42 64 49 15 7 7 15 13 10 31 64 52 70 57 38 31 15 8 19 23 16 12 13 27 27 20 44 0 0 0 0 0 0 0 0 0 20 23 15 29 39 50 47 59 48 47 51 33 14 2 0 0 14 0 0 0 0 0 0 0 0 0 0 0 0 0 0 0 0 0 0 0 0 0 0 0 0 0 0 0 0 0 0 0 0 0 0 0 0 0 0 0 0 0 0
38 43 69 52 28 9 7 4 2 8 43 63 63 62 60 42 24 15 24 31 21 11 25 0 0 0 0 0 0 0 0 0 0 0 0 0 0 0 0 15 15 26 12 16 22 19 23 33 19 6 0 0 0 10 0 0 0 0 0 0 0 0 0 0 0 0 0 0 0 0 0 0 0 0 0 0 0 0 0 0 0 0 0 0 0 0 0 0 0 0 0 0 0 0 0 0
48 51 58 61 50 21 5 0 0 0 9 41 69 69 62 37 33 43 34 22 15 6 0 0 0 0 0 0 0 0 0 0 0 0 0 0 0 0 0 17 13 0 0 0 0 1 9 15 9 1 0 0 0 0 0 0 0 0 0 0 0 0 0 0 0 0 0 0 0 0 0 0 0 0 0 0 0 0 0 0 0 0 0 0 0 0 0 0 0 0 0 0 0 0 0 0
37 58 60 62 59 40 15 5 0 4 10 38 63 69 68 59 52 42 21 11 16 8 0 0 0 0 0 0 0 0 0 0 0 0 0 0 0 0 0 16 1 0 0 0 0 0 0 0 0 0 0 0 0 0 0 0 0 0 0 0 0 0 0 0 0 0 0 0 0 0 0 0 0 0 0 0 0 0 0 0 0 0 0 0 0 0 0 0 0 0 0 0 0 0 0 0
