models/BlackGrouse/Inputs/BlackGrouse_SDMpredictions2060.asc
NCOLS 349 
NROWS 221 
XLLCORNER 485000 
YLLCORNER 75000 
CELLSIZE 1000 
NODATA_value -1 
[rows 70 to 139 of 221, columns 192 to 287 of 349]
0 0 0 0 0 0 0 0 0 0 0 0 0 0 0 0 0 0 0 0 0 0 0 0 0 0 0 0 0 0 0 0 0 0 0 0 0 0 0 0 0 0 0 0 0 0 0 0 8 0 0 12 0 0 0 3 0 0 0 0 30 35 40 40 58 66 63 64 32 0 0 0 0 0 0 0 0 0 0 0 0 0 0 0 0 0 0 0 0 0 0 0 0 0 0 0
0 0 0 0 0 0 0 0 0 0 0 0 0 0 0 0 0 0 0 0 0 0 0 0 0 0 0 0 0 0 0 0 0 0 0 0 0 0 0 0 0 0 0 0 0 0 0 7 0 0 0 0 0 0 0 0 3 0 21 40 45 46 56 56 56 53 47 47 15 0 0 48 0 0 0 0 0 0 0 0 0 0 0 0 0 0 0 0 0 0 0 0 0 0 0 0
0 0 0 0 0 0 0 0 0 0 0 0 0 0 0 0 0 0 0 0 0 0 0 0 0 0 0 0 0 0 0 0 0 0 0 0 0 0 0 0 0 0 0 0 0 0 0 0 0 0 0 0 0 0 0 0 16 26 45 49 29 10 18 12 43 52 43 35 25 18 55 70 48 14 0 0 0 0 0 0 0 0 0 0 0 0 0 0 0 0 0 0 0 0 0 0
0 0 0 0 0 0 0 0 0 0 0 0 0 0 0 0 0 0 0 0 0 0 0 0 0 0 0 0 0 0 0 0 0 0 0 0 0 0 0 0 0 0 0 0 0 0 0 0 0 0 0 0 0 0 0 0 0 0 0 0 0 0 0 0 0 0 0 0 59 66 72 69 56 38 0 0 0 0 0 0 0 0 0 0 0 0 0 0 0 0 0 0 0 0 0 0
0 0 0 0 0 0 0 0 0 0 0 0 0 0 0 0 0 0 0 0 0 0 0 0 0 0 0 0 0 0 0 0 0 0 0 0 0 0 0 0 0 0 0 0 0 0 0 0 0 0 0 0 0 0 0 0 0 0 0 0 0 0 0 0 0 0 0 0 51 36 61 74 44 0 0 0 0 0 0 0 0 0 0 0 0 0 0 0 0 0 0 0 0 0 0 0
0 0 0 0 0 0 0 0 0 0 0 0 0 0 0 0 0 0 0 0 0 0 0 0 0 0 0 0 0 0 0 0 0 0 0 0 0 0 5 17 0 0 0 0 0 0 0 0 0 0 0 0 0 0 0 0 0 0 0 0 0 0 0 0 0 0 0 0 0 0 28 64 64 39 40 0 0 0 0 0 0 0 0 0 0 0 0 0 0 0 0 0 0 0 0 0
0 0 0 0 0 0 0 0 0 0 0 0 0 0 0 0 0 0 0 0 0 0 0 0 0 0 0 0 0 0 0 0 0 0 0 0 0 0 21 21 15 6 0 0 0 0 0 0 0 0 0 0 0 0 0 0 0 0 0 0 0 0 0 0 0 0 0 0 0 0 0 48 71 62 41 0 0 0 0 0 0 0 0 0 0 0 0 0 0 0 0 0 0 0 0 0
0 0 0 0 0 0 0 0 0 0 0 0 0 0 0 0 0 0 0 0 0 0 0 0 0 0 0 0 0 0 0 0 0 0 0 0 0 0 3 16 18 0 0 0 0 0 0 0 0 0 0 0 0 0 0 0 0 0 0 0 0 0 0 0 0 0 0 0 0 0 18 43 52 62 29 0 0 0 0 0 0 0 0 0 0 0 0 0 0 0 0 0 0 0 0 0
0 0 0 0 0 0 0 0 0 0 0 0 0 0 0 0 0 0 0 0 0 0 0 0 0 0 0 0 0 0 0 0 0 0 0 0 0 3 20 30 15 0 0 0 0 0 0 0 0 0 27 0 0 0 0 0 0 0 0 0 0 0 0 0 0 0 0 0 0 0 0 29 34 56 32 0 0 0 0 0 0 0 0 0 0 0 0 0 0 0 0 0 0 0 0 0
0 0 0 0 0 0 0 0 0 0 0 0 0 0 0 0 0 0 0 0 0 0 0 0 0 0 0 0 0 0 0 0 0 0 0 0 0 37 31 21 0 0 0 0 0 0 0 0 0 0 24 0 55 0 43 33 0 0 12 17 0 0 0 0 0 0 0 0 0 0 0 0 0 46 13 0 0 0 0 0 0 0 0 0 0 0 0 0 0 0 0 0 0 0 0 0
0 0 0 0 0 0 0 0 0 0 0 0 0 0 0 0 0 0 0 0 0 0 0 0 0 0 0 0 0 0 0 0 0 0 0 0 0 5 47 30 0 0 0 0 0 0 0 0 0 0 27 0 74 27 57 53 0 22 60 64 48 43 35 4 0 0 0 0 0 0 0 0 0 36 17 0 0 0 0 0 0 0 0 0 0 0 0 0 0 0 0 0 0 0 0 0
0 0 0 0 0 0 0 0 0 0 0 0 0 0 0 0 0 0 0 0 0 0 0 0 0 0 0 0 0 0 0 0 0 0 0 0 0 34 54 0 0 46 70 70 0 0 0 0 0 41 41 21 69 45 30 26 0 61 84 72 63 48 36 0 0 0 0 0 0 0 0 0 0 0 0 0 0 0 0 0 0 0 48 49 0 0 78 63 80 0 74 79 55 42 44 0
0 0 0 0 0 0 0 0 0 0 0 0 0 0 0 0 0 0 0 0 0 0 0 0 0 0 0 0 0 0 0 0 36 9 0 0 28 56 33 5 53 56 57 63 0 0 0 0 0 56 61 54 56 40 63 51 0 77 85 68 48 28 0 0 0 46 28 0 0 0 0 0 0 0 0 0 0 0 0 0 0 0 25 67 69 59 66 76 74 76 76 61 62 58 50 41
0 0 0 0 0 0 0 0 0 0 0 0 0 0 0 0 0 0 0 0 0 0 0 0 0 0 0 0 0 0 0 0 29 0 0 0 34 46 24 46 62 66 35 0 0 0 0 0 0 49 70 63 41 53 67 49 15 79 86 65 39 0 0 0 58 71 44 7 0 0 0 0 0 0 0 0 0 0 0 0 0 0 0 70 72 65 83 73 62 57 62 37 34 56 66 62
0 21 47 0 0 0 0 0 0 0 0 0 0 0 0 0 0 0 0 0 0 0 0 0 0 0 0 0 0 12 0 0 30 0 14 39 42 49 40 52 31 0 0 0 0 0 0 0 0 58 70 63 64 60 62 52 72 84 83 71 65 31 0 12 85 71 43 29 15 0 0 0 0 0 0 0 0 0 0 0 0 0 0 0 36 70 55 47 38 22 0 2 30 39 56 60
0 0 0 0 0 0 0 0 0 0 0 0 0 0 0 0 0 0 0 0 0 0 0 0 0 0 0 0 9 37 0 7 36 14 37 39 10 10 25 6 0 0 0 0 0 0 0 0 0 8 65 61 64 59 82 83 81 82 69 71 76 52 1 47 80 68 54 55 44 0 0 0 0 0 0 0 0 0 0 0 0 0 0 0 0 62 59 65 60 42 0 0 0 28 71 64
0 0 0 0 0 0 0 0 0 0 0 0 0 0 0 0 0 0 0 0 0 0 0 0 0 0 0 0 26 20 0 48 21 6 0 0 0 0 0 0 0 0 0 0 2 0 0 0 0 0 71 65 56 62 79 82 69 78 65 63 76 49 45 76 76 71 69 82 53 0 0 0 0 0 0 0 0 0 0 0 0 0 0 0 0 33 64 70 70 43 0 0 6 47 70 62
0 0 0 0 5 0 0 0 0 0 0 0 0 0 0 0 0 0 0 0 0 0 0 0 0 24 0 0 18 26 11 51 0 0 0 0 0 0 0 0 1 46 63 56 56 0 0 0 0 0 56 63 62 53 45 73 38 78 70 79 81 79 82 86 78 78 77 52 0 0 0 41 27 0 0 0 0 0 0 0 0 0 0 0 0 0 43 69 64 12 0 0 0 41 63 37
0 0 0 0 0 0 0 0 0 0 0 0 0 0 0 0 0 0 0 0 0 0 0 22 5 0 0 0 22 23 17 23 0 31 41 0 0 70 54 70 62 41 53 54 39 0 0 0 0 0 0 19 64 32 0 37 53 79 54 65 77 78 77 78 78 72 68 34 0 0 35 72 53 0 0 0 0 0 0 0 0 0 0 0 0 0 0 30 7 0 0 0 0 10 33 7
0 0 0 0 0 0 0 0 0 0 0 0 0 0 0 0 0 0 0 0 0 0 0 15 11 0 3 15 29 23 26 1 38 47 65 32 0 64 62 44 26 18 48 56 12 0 0 0 0 0 0 0 0 0 0 58 74 71 14 66 63 79 77 75 49 20 0 0 0 0 49 77 69 6 25 49 28 0 0 0 0 0 0 0 0 0 0 0 0 0 0 0 0 0 0 0
0 0 0 0 0 0 0 0 0 0 0 0 0 0 0 0 0 0 0 0 0 0 0 0 0 0 0 0 0 0 0 15 29 36 47 74 31 9 55 42 27 36 34 7 0 0 0 0 0 0 0 0 0 0 0 73 72 63 0 50 70 44 69 72 26 0 0 0 0 46 60 62 64 66 71 71 55 0 0 0 0 0 0 0 0 0 0 0 0 0 0 0 0 0 0 0
0 0 0 0 0 0 0 0 0 0 0 0 0 0 0 0 0 0 0 0 0 0 0 0 0 0 0 0 0 0 0 36 31 37 49 64 48 50 62 41 43 54 0 0 0 0 0 0 0 0 47 0 0 0 0 42 68 67 0 42 72 48 27 19 0 0 40 26 0 59 63 56 54 77 83 82 29 0 0 0 0 0 0 0 0 0 0 0 0 0 0 0 0 0 0 0
0 0 0 0 0 0 0 0 0 0 0 0 0 0 0 0 0 0 0 0 0 0 0 0 0 0 0 0 0 0 18 38 34 42 46 57 55 57 60 58 43 15 0 0 0 0 0 0 0 20 65 47 13 0 0 0 15 31 0 43 68 46 0 0 24 50 67 57 0 56 63 44 50 54 34 15 0 0 0 0 0 0 0 0 0 0 0 0 0 0 0 0 0 0 0 0
0 0 0 0 0 0 0 0 0 0 0 0 0 0 31 0 0 0 0 0 0 0 0 0 0 0 0 0 0 8 25 26 31 38 38 51 53 32 42 56 44 22 0 0 0 0 0 0 0 37 72 68 64 0 0 0 0 0 14 69 60 44 39 76 64 65 63 69 24 62 56 43 50 55 36 24 14 0 0 0 1 0 0 0 0 0 0 0 0 0 0 2 23 7 0 0
0 0 0 0 0 0 0 0 0 0 0 0 0 0 0 4 10 18 6 14 6 0 0 0 0 0 0 0 0 0 9 26 40 42 36 42 39 35 45 49 42 26 0 0 0 0 39 19 46 45 78 57 22 0 0 0 17 47 66 64 62 57 66 68 65 53 51 62 56 68 45 50 45 62 74 84 56 0 0 7 0 0 0 0 0 0 0 0 0 0 33 42 27 0 0 0
0 0 0 0 0 0 0 0 0 0 0 0 0 0 0 0 0 0 0 9 2 15 45 12 0 36 38 0 0 0 6 33 35 40 41 45 52 50 45 26 3 0 0 0 0 0 49 43 54 60 82 63 42 0 0 0 56 75 74 72 70 61 70 54 51 57 60 61 62 61 46 62 50 57 74 74 33 0 0 34 0 0 0 0 0 0 0 0 0 0 21 42 20 0 0 0
0 0 0 0 0 0 34 67 0 0 0 0 0 0 0 0 0 0 10 38 43 53 62 20 0 45 51 4 0 0 0 50 44 43 48 48 49 51 41 10 0 0 0 0 0 0 43 63 76 77 82 62 57 16 0 0 45 60 59 60 56 57 52 59 66 68 68 63 66 67 60 60 61 48 72 37 0 0 14 31 0 0 0 0 0 0 0 0 0 0 43 42 0 0 0 0
0 16 39 3 0 0 44 54 0 0 0 0 0 0 18 47 50 36 47 54 48 50 48 3 0 63 62 32 4 0 0 50 58 59 66 56 42 36 55 29 0 0 0 0 33 22 52 78 65 73 70 66 46 0 0 0 0 4 44 63 43 36 55 62 67 53 44 37 15 24 60 52 0 43 44 0 0 0 52 33 0 0 0 0 0 0 0 26 0 0 48 50 0 0 0 0
17 38 49 36 11 42 62 43 0 0 0 0 0 0 0 0 74 65 62 55 57 47 42 6 21 75 74 63 33 0 0 41 61 62 53 46 43 48 39 13 0 0 0 0 33 58 82 65 50 53 63 39 3 0 0 0 0 39 60 55 19 28 56 62 70 70 68 73 61 36 0 0 0 0 0 0 0 40 62 67 29 0 0 0 0 0 0 20 43 0 44 58 32 0 0 8
41 55 71 74 60 2 0 0 0 0 0 0 0 0 0 0 40 54 44 49 55 68 42 16 74 73 74 66 42 0 0 0 50 55 62 59 34 0 0 0 0 0 0 4 0 52 81 57 66 67 52 0 0 0 0 20 1 55 62 38 22 24 34 47 48 34 31 27 43 52 60 65 84 44 0 0 47 58 75 72 26 0 0 0 0 0 0 16 58 20 39 71 58 16 0 42
57 55 77 55 10 0 0 0 0 0 0 0 0 0 0 0 36 37 16 32 34 54 61 57 60 49 63 44 12 0 4 71 64 60 56 0 0 0 0 0 0 0 0 56 14 18 74 68 76 48 6 0 0 0 52 60 43 68 48 39 34 33 33 53 51 36 30 20 13 14 35 72 63 12 0 0 69 60 74 71 2 0 0 0 0 0 0 8 61 44 56 82 85 34 2 48
67 62 52 27 0 0 20 1 0 0 0 0 0 0 0 0 26 0 0 0 15 48 59 56 44 41 60 47 21 30 27 64 63 44 0 0 8 47 60 6 0 0 8 77 54 15 65 51 56 0 0 0 13 55 50 49 60 37 45 51 46 42 54 68 66 52 42 31 28 54 55 76 51 0 0 35 60 70 72 52 0 0 0 0 0 0 0 44 74 73 85 87 82 45 57 74
57 55 50 54 25 0 50 0 0 22 0 0 0 0 0 0 0 0 0 0 0 0 7 17 41 53 50 66 59 63 65 54 53 0 5 45 66 64 47 0 0 0 46 57 65 44 46 48 60 46 31 0 62 36 25 33 35 28 40 60 54 46 42 46 59 58 52 40 29 55 76 56 9 0 0 64 61 80 49 10 0 0 0 0 0 0 22 81 86 77 75 88 83 89 93 89
66 73 65 52 0 0 51 0 16 76 0 0 0 0 0 0 0 0 0 0 0 0 0 0 0 14 40 46 45 53 64 62 30 32 65 76 66 50 35 0 0 13 70 33 47 47 21 25 42 42 60 46 47 15 21 32 41 45 49 57 57 66 52 48 49 36 61 51 50 47 75 48 0 0 41 74 84 73 0 0 0 0 0 0 0 0 53 83 82 86 87 87 88 90 90 87
68 65 76 60 13 50 63 68 76 81 0 0 0 0 0 0 0 0 0 0 0 0 0 0 0 0 0 0 0 53 71 59 43 69 70 42 50 58 50 0 0 25 50 36 35 14 27 22 38 38 45 51 24 33 40 48 51 65 70 71 72 27 38 67 62 34 17 58 68 61 63 44 0 0 54 80 36 0 0 0 0 0 0 0 0 27 48 44 45 68 66 80 84 86 86 85
65 50 58 56 70 71 35 50 69 0 0 0 0 0 0 0 0 0 0 0 10 0 0 0 0 0 0 2 27 70 66 66 66 55 39 36 43 55 38 0 49 29 59 48 46 12 36 37 41 48 44 44 45 52 61 66 74 70 68 80 54 3 0 27 64 41 0 11 69 71 52 10 0 0 0 0 0 0 0 0 0 0 0 0 0 0 0 0 0 24 28 40 38 49 59 87
72 49 49 39 54 52 40 36 60 0 32 6 0 0 0 0 0 0 0 0 54 51 52 15 0 41 55 53 65 64 36 39 35 24 24 48 51 55 0 7 34 56 40 55 33 11 30 44 48 60 49 60 63 64 70 65 72 71 65 44 27 0 0 0 0 0 0 0 0 17 15 0 0 0 0 0 0 0 0 0 0 0 0 0 0 0 0 0 0 0 0 0 0 0 12 46
67 59 52 37 44 46 32 37 63 18 22 0 0 0 0 0 0 10 2 32 63 60 49 0 0 59 60 52 52 48 12 10 5 7 35 72 61 23 0 49 12 27 54 43 25 27 26 44 51 8 61 59 76 56 60 79 72 74 75 54 8 0 0 0 0 0 0 0 0 0 0 0 0 0 0 0 0 0 0 0 0 0 0 0 0 0 0 0 0 0 0 0 0 0 0 0
65 54 47 63 74 56 60 60 68 19 17 25 0 0 0 0 0 58 57 62 58 57 38 0 0 58 51 34 24 15 14 9 3 6 52 71 54 58 18 57 12 23 54 54 28 42 47 49 59 34 20 48 79 70 49 76 79 67 67 37 0 0 0 0 0 0 0 0 0 0 0 0 0 0 0 0 0 0 0 0 35 17 0 0 0 0 0 0 0 0 0 0 0 0 6 0
65 55 53 73 49 58 70 53 70 70 61 42 0 0 0 0 0 50 73 56 59 56 44 0 29 65 32 29 16 7 19 23 10 12 47 28 13 49 44 52 18 49 69 45 42 42 60 65 66 47 0 36 83 78 46 52 68 33 22 10 0 0 0 0 0 0 0 0 0 0 0 0 0 0 0 0 0 0 0 46 74 12 0 0 1 49 51 36 0 0 43 68 78 77 70 10
62 66 54 71 26 64 51 58 70 65 25 0 0 0 0 0 0 0 25 55 61 44 46 58 45 23 30 48 50 29 36 32 10 29 9 0 0 52 55 7 5 33 53 57 68 61 66 69 37 16 0 0 67 50 33 30 50 0 0 0 0 0 0 0 0 0 0 0 0 0 0 0 0 0 0 0 38 66 70 86 86 15 0 0 28 82 86 85 53 47 89 92 94 73 57 16
0 59 67 22 26 43 25 70 51 37 34 0 0 0 0 0 0 0 0 56 49 25 48 51 40 40 50 32 52 43 33 27 22 62 38 0 0 12 0 0 10 50 70 67 68 28 73 70 33 0 0 0 8 0 0 0 31 0 0 0 0 0 0 0 0 0 0 0 0 0 0 0 0 0 0 9 54 88 84 84 86 43 0 0 24 73 88 90 85 53 82 83 87 59 33 23
0 0 0 0 46 34 33 58 51 46 77 68 72 59 4 0 0 0 0 72 29 53 64 76 64 48 1 39 30 14 8 52 55 70 47 0 0 8 24 9 35 52 59 61 76 36 45 58 22 0 0 0 0 0 0 0 0 0 0 0 0 0 0 0 0 0 0 0 0 0 0 0 0 0 0 5 24 41 72 92 90 61 0 0 0 50 83 79 88 74 75 75 53 0 0 41
0 0 0 36 59 21 20 35 38 42 52 65 65 71 42 0 0 0 0 70 64 57 79 68 30 0 0 60 19 24 26 46 69 67 59 29 15 24 53 28 13 31 54 62 64 45 0 3 0 0 0 0 0 0 0 0 0 0 0 0 0 0 0 0 0 0 1 0 0 0 20 0 0 0 0 0 0 0 69 92 92 62 7 0 0 34 73 64 81 80 81 62 38 28 12 70
40 47 60 49 20 10 8 25 31 25 49 67 63 52 53 0 0 0 0 32 1 0 0 0 0 0 46 68 33 44 63 56 73 65 61 49 28 24 54 69 57 66 78 65 35 0 0 0 0 0 0 0 0 0 0 0 0 0 0 0 0 0 0 0 0 0 28 0 0 0 8 18 0 0 0 0 0 0 40 91 79 76 66 25 0 2 80 66 60 65 80 61 74 75 48 87
41 34 39 28 27 27 14 34 62 43 46 67 74 40 0 0 0 0 0 0 0 0 0 0 29 63 59 68 37 34 69 76 70 55 61 38 48 57 59 57 51 65 48 22 0 0 0 0 0 0 0 0 0 0 0 0 0 0 0 0 0 20 47 40 11 0 78 68 0 0 0 58 0 0 0 0 0 0 18 64 89 77 72 25 0 0 83 66 54 64 77 78 76 66 82 79
25 39 29 66 67 45 17 35 64 69 44 44 42 1 0 0 0 0 0 0 0 0 7 55 60 33 51 57 19 45 68 67 50 31 88 56 71 79 81 55 0 0 0 0 0 0 0 0 0 0 0 0 0 0 0 0 0 0 0 0 0 54 85 77 64 54 87 63 10 0 3 53 0 0 0 0 0 0 0 55 87 85 72 0 0 27 81 63 43 62 62 60 73 77 67 74
55 71 66 72 49 67 60 35 70 43 47 56 53 0 0 0 0 36 56 0 0 40 50 48 18 25 59 54 39 55 60 57 67 38 54 83 80 65 16 0 0 0 0 0 0 0 0 0 0 0 0 0 2 15 38 14 0 0 0 0 0 0 32 72 57 84 80 28 0 0 42 52 0 0 0 0 0 0 0 76 95 90 65 0 0 38 84 59 45 43 51 62 74 66 53 63
45 48 30 45 35 78 80 74 54 64 24 37 23 0 0 0 15 54 53 33 0 61 56 46 9 6 48 36 38 50 50 54 74 62 18 84 43 0 0 0 0 0 0 0 0 0 0 0 0 0 21 42 48 76 38 2 0 0 0 0 0 0 20 76 53 64 81 0 0 17 83 39 0 0 0 0 0 0 0 73 88 93 52 0 0 1 81 72 60 48 58 71 60 54 61 75
59 55 58 47 20 0 0 22 52 64 50 8 0 0 0 0 40 30 37 48 0 56 36 49 27 9 28 36 49 56 68 78 78 46 0 0 0 0 0 0 0 0 0 0 12 57 68 22 52 50 45 78 78 39 0 0 0 0 0 0 0 30 72 73 49 86 63 0 0 71 65 23 0 0 0 0 0 0 0 11 73 95 56 0 0 0 82 73 59 57 58 59 67 80 86 86
57 58 30 44 55 46 11 0 0 10 61 28 0 0 0 0 46 42 36 54 51 50 56 70 56 14 43 61 74 84 92 64 42 0 0 0 0 0 0 0 16 49 0 46 76 74 72 42 85 84 69 76 46 4 0 0 0 0 0 0 27 75 82 66 60 69 21 0 12 82 59 9 0 0 0 0 0 0 0 1 43 86 66 9 0 2 79 59 59 60 83 86 78 80 80 55
32 43 17 10 36 48 67 26 0 0 0 0 0 0 61 1 62 41 40 49 78 64 52 73 58 36 58 82 81 48 40 0 0 0 0 0 0 0 0 0 70 82 72 63 79 88 88 68 81 86 82 74 14 0 0 0 0 0 0 0 9 61 76 83 83 58 0 0 60 79 50 12 0 0 0 0 0 0 0 0 3 58 41 0 0 0 68 68 65 84 78 67 52 15 31 15
3 34 21 0 10 40 70 72 83 54 0 0 0 3 56 22 58 44 26 39 50 64 57 76 77 58 76 81 40 0 0 0 0 0 0 8 19 50 0 0 59 84 84 82 59 71 84 83 87 84 81 58 10 0 0 0 0 0 18 0 10 63 77 81 86 59 0 0 83 69 34 8 0 0 0 0 0 0 0 0 0 0 0 0 0 0 51 91 89 78 50 25 24 0 0 0
4 20 53 23 5 26 31 55 71 76 0 0 0 57 43 56 57 40 15 25 34 70 74 79 53 79 78 44 0 0 0 0 0 48 74 78 84 82 0 0 32 88 50 60 38 58 78 80 82 85 72 40 4 0 0 0 0 2 64 59 0 57 83 70 86 47 0 26 80 58 16 0 0 0 0 0 0 0 0 0 0 0 0 0 0 0 6 61 67 26 0 0 0 0 0 0
0 14 63 69 43 9 10 40 52 53 0 0 8 77 30 60 57 34 10 52 53 79 62 53 0 6 37 45 0 0 0 0 62 80 80 84 77 44 1 0 35 87 48 38 41 65 78 81 85 86 67 16 0 0 0 0 0 46 85 89 56 55 83 83 74 13 0 51 67 53 2 0 0 0 0 0 0 0 60 62 0 0 0 0 0 0 0 0 0 0 0 0 0 0 0 0
1 6 42 69 60 37 17 50 58 50 0 0 42 55 34 52 50 34 56 61 73 72 19 0 0 0 0 0 0 0 0 0 10 62 79 55 76 72 58 8 0 70 71 38 49 58 75 83 82 63 27 0 0 0 10 0 0 51 85 89 81 64 82 85 55 0 47 54 60 79 24 0 10 46 69 12 0 0 29 70 26 18 0 0 0 0 0 0 0 0 0 0 0 0 0 0
28 9 15 47 53 53 54 56 45 17 0 0 23 70 50 39 54 60 80 80 71 16 0 0 0 0 0 0 15 11 0 0 21 71 73 34 61 72 74 67 0 1 77 53 61 72 80 85 61 13 0 0 4 46 68 0 0 2 63 89 78 74 83 72 28 41 80 81 57 79 78 71 78 85 71 37 0 0 63 89 72 82 53 6 0 0 0 0 0 0 0 0 0 40 24 0
55 30 15 36 55 57 14 0 0 0 0 0 43 59 59 64 83 80 77 72 55 0 8 55 58 14 69 45 85 67 0 0 78 70 78 34 46 55 63 72 19 0 73 54 50 66 66 76 57 0 0 14 82 78 78 26 0 2 86 66 45 58 80 54 20 59 79 85 72 43 66 79 77 71 50 0 0 0 52 88 89 84 67 40 0 0 0 0 23 21 51 55 28 84 68 82
54 49 54 56 44 14 0 8 28 73 0 47 62 79 63 71 63 82 72 32 0 55 78 87 49 58 88 76 81 77 0 8 86 75 74 36 52 62 68 69 50 42 76 52 50 76 68 62 29 0 52 64 84 65 80 82 0 53 81 84 46 62 76 50 50 86 60 66 63 47 62 78 65 55 13 0 0 0 30 84 85 87 76 57 5 0 0 0 71 81 77 79 72 94 84 94
42 51 26 24 1 42 73 77 66 70 0 3 40 53 70 60 55 84 52 54 55 77 66 82 53 77 77 80 62 75 0 28 76 80 73 50 51 65 52 51 53 60 71 55 54 70 68 25 24 5 81 73 72 51 61 80 0 54 85 82 63 66 71 41 56 59 31 54 60 69 78 66 56 22 0 0 0 0 60 86 68 82 85 77 43 0 0 0 56 86 78 67 81 67 86 92
65 69 69 72 63 53 41 50 56 33 0 0 0 29 83 53 60 81 79 80 70 58 53 78 67 72 59 61 77 37 9 63 81 70 55 32 21 48 29 18 10 30 67 71 56 80 64 68 58 44 83 55 34 41 72 49 0 34 87 59 50 68 69 31 61 40 34 61 65 75 76 63 46 0 0 0 0 50 90 86 58 64 76 85 60 6 0 0 22 83 74 44 48 54 60 76
48 37 32 32 16 53 42 59 54 0 0 19 38 38 58 71 42 57 76 77 69 59 55 81 71 59 36 61 68 23 34 82 53 36 27 6 6 34 29 32 31 47 67 69 58 77 77 77 55 45 81 38 40 67 69 0 0 44 90 63 52 67 68 34 65 42 43 66 76 76 65 71 56 13 0 0 0 57 81 64 57 63 77 78 52 2 0 0 0 64 77 60 42 43 44 57
0 31 38 32 34 58 54 17 0 0 32 75 84 83 57 73 66 57 81 67 73 58 49 80 72 36 26 65 40 60 41 77 39 9 3 1 36 64 51 52 54 71 71 56 42 66 69 68 42 68 42 34 65 79 42 0 0 62 90 84 63 67 76 47 56 61 47 56 64 68 68 76 80 48 0 0 0 69 90 59 35 64 82 67 46 22 0 0 0 18 82 73 65 56 43 44
22 37 52 60 55 39 1 3 31 12 77 72 52 56 75 73 86 57 74 57 77 58 44 76 53 30 42 73 42 72 66 51 56 24 16 15 56 62 53 38 40 61 78 46 33 30 64 53 68 64 38 55 78 66 32 16 43 54 86 85 58 63 77 68 60 62 44 53 53 58 67 78 78 46 0 0 5 84 77 73 46 66 70 81 79 49 0 0 0 0 66 83 77 68 64 58
44 50 60 53 8 4 40 71 73 32 74 44 28 38 55 77 79 61 60 40 57 56 40 55 34 39 70 68 61 59 72 50 73 68 53 37 60 64 70 54 65 70 79 68 44 27 52 70 72 42 34 57 77 59 58 84 83 39 81 63 58 65 78 71 76 45 36 55 66 75 79 78 74 53 0 0 43 85 59 62 55 69 79 74 88 60 7 0 0 0 18 56 57 82 87 70
64 65 61 24 6 75 76 70 69 72 79 53 29 38 66 81 83 71 53 30 48 47 36 48 53 68 76 58 71 43 49 61 73 69 50 39 76 38 47 75 67 67 61 74 66 31 30 50 51 28 56 83 64 82 90 82 81 42 73 58 50 58 74 70 60 52 43 51 67 72 70 64 75 62 0 0 44 86 88 69 55 60 60 61 83 57 24 51 32 0 0 22 69 82 81 77
66 61 58 30 69 72 60 63 70 72 61 60 34 26 54 75 65 53 48 26 49 32 36 34 54 73 65 68 56 13 46 63 49 53 55 57 85 23 17 78 67 52 65 83 55 33 29 50 51 55 75 77 77 86 58 57 80 59 84 61 45 55 58 60 73 77 66 59 79 44 0 0 12 25 0 0 0 72 83 65 57 48 59 81 64 54 58 84 80 15 0 40 75 81 60 65
55 57 67 47 82 62 59 70 75 77 58 55 40 33 40 64 53 68 57 44 46 40 47 40 51 72 53 72 47 2 35 44 47 71 75 81 85 4 0 58 48 26 76 61 36 44 75 74 69 72 69 83 76 58 52 59 68 77 60 57 61 64 64 63 79 78 65 63 33 0 0 30 5 18 50 35 0 62 83 56 49 46 67 81 58 65 88 79 78 41 0 53 83 66 51 44
53 64 68 74 81 61 62 76 68 72 56 64 63 54 53 76 81 77 59 56 64 63 57 68 74 72 69 71 80 44 46 62 79 83 59 28 21 0 0 25 53 72 69 57 29 55 77 72 77 67 68 56 53 53 59 71 71 62 61 70 81 81 88 88 74 56 18 0 0 40 70 80 55 76 77 34 0 63 86 70 58 58 82 80 65 73 64 64 89 51 2 68 86 61 45 6
56 77 71 69 78 55 70 65 69 71 75 79 63 63 81 71 71 86 82 84 77 74 57 56 75 64 75 65 84 90 84 80 77 80 62 51 31 0 0 51 77 79 70 63 33 58 72 48 53 69 64 57 26 43 57 56 66 81 86 87 59 44 50 52 17 6 1 6 54 81 85 81 57 78 80 52 26 84 72 61 61 65 84 82 82 67 45 48 66 64 8 69 81 72 54 14
